25.0,75.0,125.0,175.0,225.0,275.0,325.0,375.0,425.0,475.0,25.0,75.0,125.0,175.0,225.0,275.0,325.0,375.0,425.0,475.0,25.0,75.0,125.0,175.0,225.0,275.0,325.0,375.0,425.0,475.0,25.0,75.0,125.0,175.0,225.0,275.0,325.0,375.0,425.0,475.0,25.0,75.0,125.0,175.0,225.0,275.0,325.0,375.0,425.0,475.0,25.0,75.0,125.0,175.0,225.0,275.0,325.0,375.0,425.0,475.0,25.0,75.0,125.0,175.0,225.0,275.0,325.0,375.0,425.0,475.0,25.0,75.0,125.0,175.0,225.0,275.0,325.0,375.0,425.0,475.0,25.0,75.0,125.0,175.0,225.0,275.0,325.0,375.0,425.0,475.0,25.0,75.0,125.0,175.0,225.0,275.0,325.0,375.0,425.0,475.0,50.0,50.0,50.0,50.0,50.0,50.0,50.0,50.0,50.0,50.0,100.0,100.0,100.0,100.0,100.0,100.0,100.0,100.0,100.0,100.0,150.0,150.0,150.0,150.0,150.0,150.0,150.0,150.0,150.0,150.0,200.0,200.0,200.0,200.0,200.0,200.0,200.0,200.0,200.0,200.0,250.0,250.0,250.0,250.0,250.0,250.0,250.0,250.0,250.0,250.0,300.0,300.0,300.0,300.0,300.0,300.0,300.0,300.0,300.0,300.0,350.0,350.0,350.0,350.0,350.0,350.0,350.0,350.0,350.0,350.0,400.0,400.0,400.0,400.0,400.0,400.0,400.0,400.0,400.0,400.0,450.0,450.0,450.0,450.0,450.0,450.0,450.0,450.0,450.0,450.0,500.0,500.0,500.0,500.0,500.0,500.0,500.0,500.0,500.0,199.0
525.0,74.9536917063971,124.88233367886936,175.06037349402465,225.157693868518,275.05792544351914,325.10858799586373,375.08227224518646,424.849490655895,475.1939458919387,25.120193285280934,75.17794602367623,125.03107468231528,175.13098774326542,224.80020058657365,274.9376050488447,325.06081508819403,374.80693747661286,424.89038887957366,475.0158493119269,25.10375045856726,74.8965541120934,125.11593909228024,175.16807080545288,224.7862338912064,274.9399978464961,325.09255497167914,374.8847195368192,424.91711044622326,475.2160416311866,25.042545429148678,74.95775611468797,125.10848598575141,174.87941664994722,225.03905066950125,275.1140656403622,324.9087417649678,374.85089815323886,424.83341314205967,474.8176620519408,25.060157738438175,75.01931836120042,125.11437141851899,175.09252650773132,225.08953668592008,274.9232192882569,325.18768268376675,374.8516657648392,425.0199389782523,474.92494549763563,525.0,74.95460845323726,125.01705639413373,174.87378215671674,225.08123934145252,274.8015703319758,324.82608635923145,374.9475180989411,424.8097383218544,475.2078509905919,25.166170833768824,75.16622454976427,124.90899246304495,174.91124977981505,224.9665340181163,275.0781726758834,325.09873623084013,375.0776042377574,425.17561953270985,474.9679999627453,525.0,74.85498587518515,124.88627832202873,174.82705172791708,225.13662627798297,274.9114721285535,324.9219542299063,374.8931431243058,424.9489568190198,474.8885255118894,25.135801509604903,75.13321085641842,124.89563815005658,175.19614130632095,225.10712388286754,274.87183466589096,325.07353091667716,374.8980226732889,425.0767145029351,475.20175814961664,25.18234939948345,74.99224724574934,124.81047463259259,174.94636218186844,224.81336949348213,275.04832455908536,324.88937319702217,375.1403437272997,424.87739571511383,475.12808582225966,50.0,50.0,50.0,50.0,50.0,50.0,50.0,50.0,50.0,50.0,100.0,100.0,100.0,100.0,100.0,100.0,100.0,100.0,100.0,100.0,150.0,150.0,150.0,150.0,150.0,150.0,150.0,150.0,150.0,150.0,200.0,200.0,200.0,200.0,200.0,200.0,200.0,200.0,200.0,200.0,250.0,250.0,250.0,250.0,250.0,250.0,250.0,250.0,250.0,250.0,300.0,300.0,300.0,300.0,300.0,300.0,300.0,300.0,300.0,300.0,350.0,350.0,350.0,350.0,350.0,350.0,350.0,350.0,350.0,350.0,400.0,400.0,400.0,400.0,400.0,400.0,400.0,400.0,400.0,400.0,450.0,450.0,450.0,450.0,450.0,450.0,450.0,450.0,450.0,450.0,500.0,500.0,500.0,500.0,500.0,500.0,500.0,500.0,500.0,399.0
524.7816027912335,74.84958237065563,124.70722967548123,175.1680872656282,225.35867655495008,275.1756623672378,325.25833082557875,375.21502790803805,424.6585450535567,475.42983942316766,25.291576990664947,75.3983284206435,125.1086798416308,175.320426474846,224.54401962728772,274.8251183585885,325.1734622988208,374.55921604090304,424.73685144687124,475.0874517241615,25.266346262268172,74.7425667082582,125.28697876755172,175.38618927210612,224.52997800565302,274.8204742391388,325.24395084106845,374.7142932480006,424.78357652238174,475.47337324672577,25.144012545429153,74.87497993716632,125.27687604783722,174.70840854533714,225.12458011393133,275.2687445901401,324.76331214639765,374.6487215440651,424.61474075887253,474.5817477098279,25.171439399040338,75.09092207827528,125.2814670786481,175.22894368299748,225.22799212851285,274.80631868776237,325.41958074852704,374.65380639278027,425.09526900649763,474.8067793128542,524.7529952055829,74.84975191809663,125.08238310770498,174.70220737679483,225.21936501598103,274.552566740647,324.59679855767695,374.8516304204735,424.56758347804765,475.4645024266194,25.383043510314895,75.37317992956432,124.77332965919743,174.77730636976418,224.8757200058289,275.21332076686286,325.25304372266226,375.20479985634375,425.40222084059894,474.8800964102171,524.7899766402154,74.66759159599754,124.71511540390826,174.59938665526204,225.32572156344668,274.769212501054,324.7939127158203,374.7405187750523,424.83938740126496,474.73439264855284,25.322319244446277,75.30818226366573,124.7410896536831,175.43683577135477,225.26901847367813,274.7009539012517,325.18801642101045,374.73753207495366,425.203967276048,475.44846552067094,25.41926177441443,74.92722771780825,124.56690234280575,174.84233329645167,224.58398209821044,275.1368178774839,324.7205696311454,375.3315271549427,424.69660117173174,475.30770332187666,50.0,50.0,50.0,50.0,50.0,50.0,50.0,50.0,50.0,50.0,100.0,100.0,100.0,100.0,100.0,100.0,100.0,100.0,100.0,100.0,150.0,150.0,150.0,150.0,150.0,150.0,150.0,150.0,150.0,150.0,200.0,200.0,200.0,200.0,200.0,200.0,200.0,200.0,200.0,200.0,250.0,250.0,250.0,250.0,250.0,250.0,250.0,250.0,250.0,250.0,300.0,300.0,300.0,300.0,300.0,300.0,300.0,300.0,300.0,300.0,350.0,350.0,350.0,350.0,350.0,350.0,350.0,350.0,350.0,350.0,400.0,400.0,400.0,400.0,400.0,400.0,400.0,400.0,400.0,400.0,450.0,450.0,450.0,450.0,450.0,450.0,450.0,450.0,450.0,450.0,500.0,500.0,500.0,500.0,500.0,500.0,500.0,500.0,500.0,599.0
524.5232055824669,74.70547303491416,124.49212567209311,175.31580103723178,225.59965924138217,275.3333992909565,325.44807365529374,375.38778357088967,424.4275994512183,475.70573295439664,25.50296069604896,75.65871081761075,125.22628500094633,175.54986520642657,224.24783866800178,274.6726316683323,325.3261095094476,374.27149460519325,424.54331401416886,475.1990541363961,25.468942065969085,74.54857930442299,125.49801844282318,175.64430773875938,224.23372212009963,274.6609506317814,325.43534671045774,374.50386695918206,424.61004259854025,475.77070486226495,25.285479661709626,74.75220375964466,125.48526610992302,174.49740044072706,225.2501095583614,275.46342353991804,324.5778825278275,374.4065449348914,424.35606837568537,474.305833367715,25.3227210596425,75.20252579535016,125.48856273877722,175.40536085826363,225.40644757110562,274.6494180872678,325.69147881328735,374.4159470207214,425.210599034743,474.6486131280727,524.4659904111659,74.704895382956,125.18770982127624,174.4906325968729,225.39749069050953,274.2635631493182,324.3275107561225,374.71574274200594,424.28542863424093,475.7611538626469,25.639916186860965,75.62013530936437,124.5976668553499,174.60336295971328,224.7449059935415,275.3884688578423,325.44735121448434,375.37199547493015,425.66882214848806,474.7521928576889,524.5399532804307,74.44019731680991,124.50395248578778,174.331721582607,225.55481684891038,274.58695287355454,324.62587120173424,374.5478944257988,424.6898179835101,474.5402597852163,25.54883697928765,75.52315367091305,124.54654115730962,175.71753023638857,225.4709130644887,274.49007313661247,325.34250192534375,374.5370414766184,425.3712200491609,475.7351728917252,25.69617414934541,74.82220818986715,124.28333005301891,174.6983044110349,224.31459470293876,275.2653111958825,324.5117660652686,375.5627105825857,424.4758066283497,475.5273208214937,50.0,50.0,50.0,50.0,50.0,50.0,50.0,50.0,50.0,50.0,100.0,100.0,100.0,100.0,100.0,100.0,100.0,100.0,100.0,100.0,150.0,150.0,150.0,150.0,150.0,150.0,150.0,150.0,150.0,150.0,200.0,200.0,200.0,200.0,200.0,200.0,200.0,200.0,200.0,200.0,250.0,250.0,250.0,250.0,250.0,250.0,250.0,250.0,250.0,250.0,300.0,300.0,300.0,300.0,300.0,300.0,300.0,300.0,300.0,300.0,350.0,350.0,350.0,350.0,350.0,350.0,350.0,350.0,350.0,350.0,400.0,400.0,400.0,400.0,400.0,400.0,400.0,400.0,400.0,400.0,450.0,450.0,450.0,450.0,450.0,450.0,450.0,450.0,450.0,450.0,500.0,500.0,500.0,500.0,500.0,500.0,500.0,500.0,500.0,799.0
524.2248083737003,74.5213636991727,124.23702166870498,175.50351480883535,225.88064192781425,275.53113621467514,325.67781648500875,375.6005392337413,424.15665384888,476.02162648562563,25.75434440143297,75.95909321457802,125.38389016026186,175.81930393800715,223.91165770871584,274.4801449780761,325.51875672007435,373.94377316948345,424.30977658146645,475.35065654863075,25.71153786967,74.31459190058777,125.74905811809465,175.94242620541263,223.89746623454624,274.4614270244241,325.66674257984704,374.2534406703635,424.39650867469874,476.10803647780415,25.4669467779901,74.58942758212301,125.73365617200882,174.246392336117,225.41563900279147,275.698102489696,324.35245290925735,374.1243683257176,424.05739599249824,473.98991902560215,25.51400272024466,75.35412951242502,125.73565839890634,175.62177803352978,225.6249030136984,274.4525174867733,326.0033768780476,374.13808764866246,425.36592906298836,474.4504469432913,524.1389856167488,74.52003884781537,125.3330365348475,174.23905781695098,225.61561636503805,273.9345595579894,324.018222954568,374.53985506353837,423.9632737904342,476.0978052986744,25.936788863407035,75.90709068916442,124.38200405150238,174.3894195496624,224.57409198125407,275.6036169488218,325.68165870630645,375.5791910935165,425.97542345637714,474.58428930516067,524.2499299206461,74.17280303762229,124.25278956766729,174.02405650995198,225.8239121343741,274.3646932460551,324.4178296876482,374.3152700765453,424.50024856575527,474.30612692187975,25.815354714129025,75.77812507816037,124.31199266093614,176.03822470142237,225.7128076552993,274.2391923719732,325.536987429677,374.29655087828314,425.57847282227385,476.0618802627795,26.013086524276392,74.67718866192607,123.95975776323208,174.51427552561813,224.0052073076671,275.43380451428106,324.2629624993918,375.8338940102287,424.2150120849676,475.7869383211107,50.0,50.0,50.0,50.0,50.0,50.0,50.0,50.0,50.0,50.0,100.0,100.0,100.0,100.0,100.0,100.0,100.0,100.0,100.0,100.0,150.0,150.0,150.0,150.0,150.0,150.0,150.0,150.0,150.0,150.0,200.0,200.0,200.0,200.0,200.0,200.0,200.0,200.0,200.0,200.0,250.0,250.0,250.0,250.0,250.0,250.0,250.0,250.0,250.0,250.0,300.0,300.0,300.0,300.0,300.0,300.0,300.0,300.0,300.0,300.0,350.0,350.0,350.0,350.0,350.0,350.0,350.0,350.0,350.0,350.0,400.0,400.0,400.0,400.0,400.0,400.0,400.0,400.0,400.0,400.0,450.0,450.0,450.0,450.0,450.0,450.0,450.0,450.0,450.0,450.0,500.0,500.0,500.0,500.0,500.0,500.0,500.0,500.0,500.0,999.0
523.8864111649337,74.29725436343124,123.94191766531686,175.7312285804389,226.20162461424633,275.7688731383938,325.9475593147238,375.8532948965929,423.8457082465417,476.3775200168546,26.04572810681698,76.29947561154528,125.58149531957739,176.12874266958772,223.5354767494299,274.2476582878199,325.75140393070114,373.5760517337736,424.036239148764,475.54225896086535,25.994133673370914,74.04060449675256,126.04009779336613,176.28054467206587,223.52121034899287,274.22190341706676,325.93813844923636,373.9630143815449,424.1429747508572,476.4853680933433,25.688413894270575,74.38665140460135,126.02204623409462,173.95538423150694,225.62116844722155,275.9727814394739,324.0870232906872,373.80219171654386,423.7187236093111,473.63400468348925,25.745284380846822,75.54573322949989,126.02275405903545,175.87819520879594,225.88335845629118,274.2156168862787,326.3552749428079,373.82022827660353,425.5612590912337,474.21228075850985,523.7719808223317,74.29518231267474,125.51836324841875,173.94748303702906,225.87374203956657,273.5655559666606,323.6689351530135,374.32396738507083,423.6011189466275,476.4744567347019,26.273661539953107,76.23404606896447,124.12634124765485,174.1354761396115,224.36327796896666,275.85876503980126,325.9559661981286,375.8263867121029,426.32202476426625,474.3763857526325,523.9199065608615,73.86540875843467,123.96162664954682,173.67639143729693,226.1330074198378,274.1024336185556,324.16978817356215,374.04264572729176,424.2706791480004,474.0319940585432,26.1218724489704,76.07309648540769,124.03744416456266,176.39891916645615,225.99470224610988,273.94831160733395,325.7714729340103,374.0160602799479,425.82572559538676,476.4285876338338,26.369998899207374,74.49216913398497,123.59618547344525,174.29024664020136,223.6558199123954,275.6422978326796,323.974158933515,376.1450774378717,423.9142175415855,476.0865558207277,50.0,50.0,50.0,50.0,50.0,50.0,50.0,50.0,50.0,50.0,100.0,100.0,100.0,100.0,100.0,100.0,100.0,100.0,100.0,100.0,150.0,150.0,150.0,150.0,150.0,150.0,150.0,150.0,150.0,150.0,200.0,200.0,200.0,200.0,200.0,200.0,200.0,200.0,200.0,200.0,250.0,250.0,250.0,250.0,250.0,250.0,250.0,250.0,250.0,250.0,300.0,300.0,300.0,300.0,300.0,300.0,300.0,300.0,300.0,300.0,350.0,350.0,350.0,350.0,350.0,350.0,350.0,350.0,350.0,350.0,400.0,400.0,400.0,400.0,400.0,400.0,400.0,400.0,400.0,400.0,450.0,450.0,450.0,450.0,450.0,450.0,450.0,450.0,450.0,450.0,500.0,500.0,500.0,500.0,500.0,500.0,500.0,500.0,500.0,1199.0
523.5080139561672,74.03314502768977,123.60681366192874,175.99894235204246,226.5626073006784,276.04661006211245,326.25730214443877,376.1460505594445,423.4947626442033,476.77341354808357,26.37711181220099,76.67985800851254,125.8191004788929,176.4781814011683,223.11929579014395,273.9751715975637,326.0240511413279,373.16833029806384,423.72270171606164,475.7738613731,26.316729477071828,73.72661709291735,126.3711374686376,176.6586631387191,223.1049544634395,273.9423798097094,326.24953431862565,373.63258809272634,423.8494408270157,476.9026997088825,25.94988101055105,74.1438752270797,126.35043629618042,173.62437612689686,225.86669789165163,276.28746038925186,323.7815936721171,373.44001510737013,423.34005122612393,473.2380903413764,26.016566041448986,75.77733694657475,126.34984971916457,176.1746123840621,226.18181389888395,273.9387162857842,326.7471730075682,373.46236890454463,425.79658911947905,473.9341145737284,523.3649760279146,74.03032577753412,125.74368996199001,173.61590825710715,226.17186771409507,273.1565523753318,323.279647351459,374.06807970660327,423.19896410282075,476.8911081707294,26.650534216499178,76.60100144876453,123.83067844380733,173.8415327295606,224.11246395667925,276.1539131307807,326.27027368995067,376.11358233068927,426.70862607215537,474.12848220010426,523.5498832010768,73.51801447924704,123.63046373142633,173.2887263646419,226.48210270530151,273.80017399105617,323.8817466594761,373.73002137803826,424.00110973024556,473.7178611952067,26.468390183811774,76.40806789265501,123.72289566818918,176.79961363148996,226.31659683692047,273.6174308426947,326.04595843834363,373.69556968161265,426.1129783684997,476.83529500488805,26.766911274138355,74.26714960604389,123.19261318365841,174.0262177547846,223.26643251712372,275.8907911510782,323.6453553676382,376.49626086551467,423.57342299820345,476.42617332034473,50.0,50.0,50.0,50.0,50.0,50.0,50.0,50.0,50.0,50.0,100.0,100.0,100.0,100.0,100.0,100.0,100.0,100.0,100.0,100.0,150.0,150.0,150.0,150.0,150.0,150.0,150.0,150.0,150.0,150.0,200.0,200.0,200.0,200.0,200.0,200.0,200.0,200.0,200.0,200.0,250.0,250.0,250.0,250.0,250.0,250.0,250.0,250.0,250.0,250.0,300.0,300.0,300.0,300.0,300.0,300.0,300.0,300.0,300.0,300.0,350.0,350.0,350.0,350.0,350.0,350.0,350.0,350.0,350.0,350.0,400.0,400.0,400.0,400.0,400.0,400.0,400.0,400.0,400.0,400.0,450.0,450.0,450.0,450.0,450.0,450.0,450.0,450.0,450.0,450.0,500.0,500.0,500.0,500.0,500.0,500.0,500.0,500.0,500.0,1399.0
523.0896167474007,73.72903569194831,123.23170965854061,176.30665612364604,226.96358998711048,276.3643469858311,326.6070449741538,376.4788062222961,423.103817041865,477.20930707931257,26.748495517585003,77.1002404054798,126.09670563820843,176.8676201327489,222.663114830858,273.6626849073075,326.3366983519547,372.720608862354,423.3691642833592,476.04546378533456,26.67932528077274,73.37262968908215,126.74217714390907,177.07678160537236,222.6486985778861,273.62285620235207,326.60093018801496,373.26216180390776,423.5159069031742,477.36003132442164,26.251348126831523,73.86109904955805,126.71882635826621,173.2533680222868,226.1522273360817,276.6421393390298,323.4361640535469,373.0378384981964,422.9213788429368,472.8021759992635,26.327847702051148,76.04894066364962,126.71694537929368,176.51102955932825,226.52026934147673,273.6218156852897,327.1790710723285,373.0645095324857,426.07191914772443,473.61594838894695,522.9179712334975,73.72546924239349,126.00901667556127,173.24433347718522,226.50999338862357,272.707548784003,322.8503595499045,373.7721920281357,422.756809259014,477.3477596067569,27.06740689304525,77.00795682856459,123.4950156399598,173.50758931950972,223.82164994439185,276.4890612217602,326.6245811817728,376.4407779492756,427.13522738004446,473.840578647576,523.1398598412922,73.13062020005943,123.25930081330586,172.86106129198686,226.87119799076524,273.4579143635567,323.55370514539004,373.37739702878474,423.6915403124907,473.36372833187016,26.854907918653147,76.78303929990233,123.3683471718157,177.24030809652376,226.67849142773105,273.24655007805546,326.3604439426769,373.3350790832774,426.44023114161257,477.28200237594234,27.203823649069335,74.0021300781028,122.74904089387158,173.72218886936784,222.83704512185204,276.1792844694767,323.2765518017614,376.88744429315767,423.1926284548214,476.8057908199617,50.0,50.0,50.0,50.0,50.0,50.0,50.0,50.0,50.0,50.0,100.0,100.0,100.0,100.0,100.0,100.0,100.0,100.0,100.0,100.0,150.0,150.0,150.0,150.0,150.0,150.0,150.0,150.0,150.0,150.0,200.0,200.0,200.0,200.0,200.0,200.0,200.0,200.0,200.0,200.0,250.0,250.0,250.0,250.0,250.0,250.0,250.0,250.0,250.0,250.0,300.0,300.0,300.0,300.0,300.0,300.0,300.0,300.0,300.0,300.0,350.0,350.0,350.0,350.0,350.0,350.0,350.0,350.0,350.0,350.0,400.0,400.0,400.0,400.0,400.0,400.0,400.0,400.0,400.0,400.0,450.0,450.0,450.0,450.0,450.0,450.0,450.0,450.0,450.0,450.0,500.0,500.0,500.0,500.0,500.0,500.0,500.0,500.0,500.0,1599.0
522.6312195386341,73.38492635620685,122.81660565515249,176.6543698952496,227.40457267354256,276.7220839095498,326.9967878038688,376.8515618851477,422.67287143952666,477.68520061054153,27.159879222969014,77.56062280244706,126.41431079752397,177.29705886432947,222.16693387157207,273.31019821705127,326.6893455625815,372.2328874266442,422.9756268506568,476.35706619756917,27.081921084473656,72.97864228524693,127.15321681918054,177.5349000720256,222.15244269233273,273.2633325949947,326.9923260574043,372.85173551508916,423.14237297933266,477.8573629399608,26.592815243111996,73.5383228720364,127.12721642035201,172.84235991767673,226.47775678051175,277.03681828880775,323.0507344349768,372.5956618890226,422.46270645974965,472.3262616571506,26.67912936265331,76.36054438072448,127.12404103942279,176.8874467345944,226.89872478406951,273.2649150847951,327.6509691370888,372.6266501604268,426.38724917596977,473.2577822041655,522.4309664390804,73.38061270725287,126.31434338913253,172.8327586972633,226.8881190631521,272.2185451926742,322.38107174835005,373.43630434966815,422.2746544152073,477.8444110427844,27.524279569591318,77.45491220836465,123.11935283611228,173.13364590945883,223.49083593210443,276.86420931273966,327.0188886735949,376.807973567862,427.60182868793356,473.5126750950478,522.6898364815075,72.7032259208718,122.84813789518537,172.3933962193318,227.30029327622896,273.07565473605723,323.185663631304,372.9847726795312,423.3419708947358,472.9695954685336,27.281425653494523,77.19801070714965,122.97379867544223,177.72100256155755,227.08038601854162,272.8356693134162,326.7149294470102,372.93458848494214,426.8074839147255,477.76870974699665,27.680736024000318,73.69711055016171,122.26546860408475,173.37815998395106,222.36765772658035,276.5077777878753,322.8677482358846,377.3186277208007,422.7718339114393,477.2254083195787,50.0,50.0,50.0,50.0,50.0,50.0,50.0,50.0,50.0,50.0,100.0,100.0,100.0,100.0,100.0,100.0,100.0,100.0,100.0,100.0,150.0,150.0,150.0,150.0,150.0,150.0,150.0,150.0,150.0,150.0,200.0,200.0,200.0,200.0,200.0,200.0,200.0,200.0,200.0,200.0,250.0,250.0,250.0,250.0,250.0,250.0,250.0,250.0,250.0,250.0,300.0,300.0,300.0,300.0,300.0,300.0,300.0,300.0,300.0,300.0,350.0,350.0,350.0,350.0,350.0,350.0,350.0,350.0,350.0,350.0,400.0,400.0,400.0,400.0,400.0,400.0,400.0,400.0,400.0,400.0,450.0,450.0,450.0,450.0,450.0,450.0,450.0,450.0,450.0,450.0,500.0,500.0,500.0,500.0,500.0,500.0,500.0,500.0,500.0,1799.0
522.1328223298676,73.00081702046538,122.36150165176436,177.04208366685316,227.88555535997463,277.1198208332684,327.4265306335838,377.2643175479993,422.20192583718836,478.2010941417705,27.611262928353025,78.06100519941432,126.77191595683949,177.76649759591004,221.63075291228614,272.9177115267951,327.08199277320824,371.7051659909344,422.5420894179544,476.7086686098038,27.52451688817457,72.54465488141173,127.60425649445202,178.03301853867885,221.61618680677935,272.86380898763736,327.4237219267936,372.4013092262706,422.72883905549116,478.3946945555,26.974282359392472,73.17554669451475,127.5756064824378,172.39135181306665,226.84328622494183,277.4714972385857,322.62530481640664,372.1134852798489,421.96403407656254,471.81034731503775,27.07041102325547,76.71214809779934,127.5711366995519,177.30386390986055,227.3171802266623,272.8680144843006,328.1628672018491,372.1487907883679,426.74257920421513,472.859616019384,521.9039616446634,72.99575617211224,126.65967010270379,172.3811839173414,227.3062447376806,271.6895416013454,321.8717839467956,373.0604166712006,421.75249957140056,478.3810624788119,28.02115224613739,77.9418675881647,122.70369003226476,172.71970249940796,223.12002191981702,277.27935740371913,327.453196165417,377.21516918644835,428.10842999582263,473.1447715425196,522.199813121723,72.23583164168419,122.3969749770649,171.88573114667676,227.76938856169267,272.6533951085578,322.77762211721796,372.5521483302777,422.952401476981,472.5354626051971,27.747943388335898,77.65298211439696,122.53925017906874,178.24169702659137,227.5222806093522,272.38478854877695,327.1094149513435,372.4940978866069,427.2147366878384,478.2954171180509,28.1976483989313,73.35209102222062,121.74189631429792,172.9941310985343,221.85827033130866,276.87627110627386,322.4189446700078,377.7898111484437,422.3110393680572,477.68502581919574,50.0,50.0,50.0,50.0,50.0,50.0,50.0,50.0,50.0,50.0,100.0,100.0,100.0,100.0,100.0,100.0,100.0,100.0,100.0,100.0,150.0,150.0,150.0,150.0,150.0,150.0,150.0,150.0,150.0,150.0,200.0,200.0,200.0,200.0,200.0,200.0,200.0,200.0,200.0,200.0,250.0,250.0,250.0,250.0,250.0,250.0,250.0,250.0,250.0,250.0,300.0,300.0,300.0,300.0,300.0,300.0,300.0,300.0,300.0,300.0,350.0,350.0,350.0,350.0,350.0,350.0,350.0,350.0,350.0,350.0,400.0,400.0,400.0,400.0,400.0,400.0,400.0,400.0,400.0,400.0,450.0,450.0,450.0,450.0,450.0,450.0,450.0,450.0,450.0,450.0,500.0,500.0,500.0,500.0,500.0,500.0,500.0,500.0,500.0,1999.0
521.594425121101,72.57670768472391,121.86639764837624,177.46979743845674,228.40653804640672,277.5575577569871,327.8962734632988,377.7170732108509,421.69098023485003,478.7569876729995,28.102646633737034,78.60138759638158,127.16952111615502,178.27593632749063,221.0551973567306,272.48522483653886,327.514639983835,371.1374445552246,422.068551985252,477.1002710220384,28.007112691875484,72.07066747757652,128.0952961697235,178.5711370053321,221.0406312512238,272.42428538028,327.8951177961829,371.910882937452,422.27530513164965,478.9702501110555,27.395749475672947,72.77277051699309,128.0639965445236,171.90034370845657,227.2488156693719,277.94617618836367,322.1598751978365,371.5913086706751,421.4253616933754,471.25443297292486,27.501692683857634,77.10375181487422,128.05823235968103,177.7602810851267,227.77563566925505,272.43111388380606,328.7147652666094,371.63093141630895,427.13790923246046,472.4214498346026,521.3369568502462,72.5708996369716,127.04499681627505,171.88960913741948,227.7643704122091,271.1205380100166,321.3224961452411,372.644528992733,421.1903447275938,478.9566180343674,28.55802492268346,78.46882296796475,122.24802722841723,172.26575908935706,222.70920790752962,277.7345054946986,327.92750365723913,377.6623648050347,428.6550313037117,472.7368679899914,521.6697897619383,71.72843736249656,121.90581205894442,171.33806607402173,228.27848384715637,272.1911354810583,322.32958060313194,372.0795239810242,422.5228320592261,472.06132974186056,28.254461123177272,78.14795352164428,122.06470168269526,178.80239149162517,228.0041752001628,271.8939077841377,327.5439004556768,372.0136072882716,427.6619894609513,478.8621244891052,28.75456077386228,72.96707149427954,121.17832402451108,172.57010221311754,221.30888293603698,277.2847644246724,321.930141104131,378.3009945760867,421.8102448246751,478.18464331881273,50.0,50.0,50.0,50.0,50.0,50.0,50.0,50.0,50.0,50.0,100.0,100.0,100.0,100.0,100.0,100.0,100.0,100.0,100.0,100.0,150.0,150.0,150.0,150.0,150.0,150.0,150.0,150.0,150.0,150.0,200.0,200.0,200.0,200.0,200.0,200.0,200.0,200.0,200.0,200.0,250.0,250.0,250.0,250.0,250.0,250.0,250.0,250.0,250.0,250.0,300.0,300.0,300.0,300.0,300.0,300.0,300.0,300.0,300.0,300.0,350.0,350.0,350.0,350.0,350.0,350.0,350.0,350.0,350.0,350.0,400.0,400.0,400.0,400.0,400.0,400.0,400.0,400.0,400.0,400.0,450.0,450.0,450.0,450.0,450.0,450.0,450.0,450.0,450.0,450.0,500.0,500.0,500.0,500.0,500.0,500.0,500.0,500.0,500.0,2199.0
521.0188695655455,72.11259834898244,121.33129364498811,177.9375112100603,228.9675207328388,278.03529468070576,328.40601629301386,378.2098288737025,421.1400346325117,479.33254322855504,28.634030339121047,79.17694315193714,127.60712627547055,178.8253750590712,220.47964180117503,272.0127381462827,327.98728719446177,370.561888999669,421.55501455254955,477.531873434273,28.529708495576397,71.55668007374132,128.62633584499497,179.14669256088766,220.46507569566825,271.9447617729227,328.4065136655722,371.3804566486334,421.78177120780816,479.54580566661105,27.85721659195342,72.32999433947144,128.5923866066094,171.3693356038465,227.69434511380197,278.4608551381416,321.6544455792664,371.0291320615014,420.8498061378198,470.6788774173693,27.972974344459796,77.53535553194908,128.58532801981016,178.25669826039285,228.27409111184784,271.9542132833115,329.2903208221649,371.07307204425007,427.5732392607058,471.9432836498211,520.7614012946907,72.10604310183098,127.4703235298463,171.35803435749756,228.26249608673763,270.54498245446104,320.7469405896855,372.18864131426545,420.61478917203823,479.53217358992293,29.13358047823902,79.0357783477648,121.7523644245697,171.77181567930617,222.2583938952422,278.2296535856781,328.44181114906127,378.1495604236211,429.23058685926725,472.2889644374632,521.0997664021537,71.18104308330894,121.37464914082395,170.76251051846617,228.8275791326201,271.68887585355884,321.8415390890459,371.56689963177064,422.05326264147124,471.547196878524,28.800978858018645,78.68292492889161,121.55015318632178,179.37794704718073,228.52606979097337,271.3630270194985,328.0183859600101,371.49311668993636,428.1492422340642,479.43768004466074,29.330116329417837,72.54205196633845,120.60276846895553,172.10607332770078,220.73332738048143,277.73325774307096,321.4013375382542,378.8521780037297,421.2694502812931,478.72426081842974,50.0,50.0,50.0,50.0,50.0,50.0,50.0,50.0,50.0,50.0,100.0,100.0,100.0,100.0,100.0,100.0,100.0,100.0,100.0,100.0,150.0,150.0,150.0,150.0,150.0,150.0,150.0,150.0,150.0,150.0,200.0,200.0,200.0,200.0,200.0,200.0,200.0,200.0,200.0,200.0,250.0,250.0,250.0,250.0,250.0,250.0,250.0,250.0,250.0,250.0,300.0,300.0,300.0,300.0,300.0,300.0,300.0,300.0,300.0,300.0,350.0,350.0,350.0,350.0,350.0,350.0,350.0,350.0,350.0,350.0,400.0,400.0,400.0,400.0,400.0,400.0,400.0,400.0,400.0,400.0,450.0,450.0,450.0,450.0,450.0,450.0,450.0,450.0,450.0,450.0,500.0,500.0,500.0,500.0,500.0,500.0,500.0,500.0,500.0,2399.0
520.44331400999,71.60848901324098,120.75618964159999,178.44522498166387,229.54307628839436,278.5530316044244,328.95575912272886,378.74258453655415,420.5644790769561,479.90809878411056,29.20541404450506,79.75249870749269,128.08473143478608,179.40093061462676,219.90408624561948,271.5002514560265,328.49993440508854,369.9863334441134,421.00147711984715,478.0034758465076,29.092304299277313,71.00269266990611,129.19737552026646,179.7222481164432,219.8895201401127,271.4252381655653,328.9579095349615,370.81003035981485,421.24823728396666,480.12136122216657,28.358683708233894,71.84721816194978,129.16077666869523,170.79832749923645,228.17987455823206,279.01553408791955,321.10901596069624,370.4535765059458,420.27425058226424,470.1033218618137,28.484256005061958,78.00695924902395,129.1524236799393,178.79311543565902,228.81254655444062,271.437312682817,329.86587637772044,370.4975164886945,428.04856928895117,471.4251174650397,520.1858457391352,71.60118656669034,127.93565024341756,170.78645957757564,228.80062176126614,269.96942689890545,320.1713850341299,371.6927536357979,420.03923361648265,480.10772914547846,29.709136033794575,79.61133390332036,121.21670162072218,171.2378722692553,221.76757988295478,278.76480167665756,328.99611864088337,378.67675604220744,429.8061424148228,471.801060884935,520.5242108465982,70.60548752775338,120.80348622270347,170.18695496291062,229.40313468817564,271.1466162260594,321.31349757495985,371.01427528251713,421.5436932237164,470.9930640151875,29.376534413574202,79.25789633613893,120.9956046899483,179.95350260273628,229.08796438178396,270.79214625485923,328.5328714643434,370.9326260916011,428.67649500717715,480.01323560021626,29.905671884973394,72.07703243839735,120.02721291339998,171.602044442284,220.15777182492587,278.22175106146955,320.8325339723774,379.42773355928523,420.6938947257375,479.29981637398527,50.0,50.0,50.0,50.0,50.0,50.0,50.0,50.0,50.0,50.0,100.0,100.0,100.0,100.0,100.0,100.0,100.0,100.0,100.0,100.0,150.0,150.0,150.0,150.0,150.0,150.0,150.0,150.0,150.0,150.0,200.0,200.0,200.0,200.0,200.0,200.0,200.0,200.0,200.0,200.0,250.0,250.0,250.0,250.0,250.0,250.0,250.0,250.0,250.0,250.0,300.0,300.0,300.0,300.0,300.0,300.0,300.0,300.0,300.0,300.0,350.0,350.0,350.0,350.0,350.0,350.0,350.0,350.0,350.0,350.0,400.0,400.0,400.0,400.0,400.0,400.0,400.0,400.0,400.0,400.0,450.0,450.0,450.0,450.0,450.0,450.0,450.0,450.0,450.0,450.0,500.0,500.0,500.0,500.0,500.0,500.0,500.0,500.0,500.0,2599.0
519.8677584544345,71.06437967749952,120.18063408604444,178.99293875326742,230.1186318439499,279.11076852814307,329.5313146782844,379.31534019940574,419.9889235214005,480.4836543396661,29.780969600060615,80.32805426304824,128.60233659410162,179.9764861701823,219.32853069006393,270.9477647657703,329.0525816157153,369.41077788855785,420.42592156429157,478.5150782587422,29.66785985483287,70.42713711435056,129.77293107582202,180.29780367199876,219.31396458455714,270.86571455820797,329.53346509051704,370.23447480425926,420.67470336012514,480.6969167777221,28.90015082451437,71.32444198442813,129.7363322242508,170.2227719436809,228.70540400266214,279.5910896434751,320.53346040514066,369.87802095039024,419.69869502670866,469.5277663062581,29.03553766566412,78.51856296609881,129.72797923549484,179.36867099121457,229.38810210999617,270.88041208232244,330.44143193327596,369.9219609331389,428.5638993171965,470.86695128025826,519.6102901835797,71.05633003154972,128.44097695698883,170.2109040220201,229.3761773168217,269.3938713433499,319.59582947857433,371.1568659573303,419.46367806092707,480.683284701034,30.284691589350132,80.18688945887591,120.64114606516662,170.66392885920442,221.23676587066737,279.339949767637,329.5716741964389,379.2439516607938,430.3816979703783,471.2731573324068,519.9486552910427,70.02993197219783,120.22793066714792,169.61139940735507,229.9786902437312,270.5710606705038,320.74545606087383,370.43871972696155,420.9941238059615,470.4175084596319,29.95208996912976,79.83345189169448,120.42004913439274,180.52905815829183,229.66351993733952,270.21659069930365,329.08735696867666,370.3570705360455,429.24374778029005,480.5887911557718,30.48122744052895,71.57201291045627,119.45165735784443,171.05801555686725,219.58221626937032,278.7502443798681,320.2569784168218,380.00328911484075,420.1183391701819,479.8753719295408,50.0,50.0,50.0,50.0,50.0,50.0,50.0,50.0,50.0,50.0,100.0,100.0,100.0,100.0,100.0,100.0,100.0,100.0,100.0,100.0,150.0,150.0,150.0,150.0,150.0,150.0,150.0,150.0,150.0,150.0,200.0,200.0,200.0,200.0,200.0,200.0,200.0,200.0,200.0,200.0,250.0,250.0,250.0,250.0,250.0,250.0,250.0,250.0,250.0,250.0,300.0,300.0,300.0,300.0,300.0,300.0,300.0,300.0,300.0,300.0,350.0,350.0,350.0,350.0,350.0,350.0,350.0,350.0,350.0,350.0,400.0,400.0,400.0,400.0,400.0,400.0,400.0,400.0,400.0,400.0,450.0,450.0,450.0,450.0,450.0,450.0,450.0,450.0,450.0,450.0,500.0,500.0,500.0,500.0,500.0,500.0,500.0,500.0,500.0,2799.0
519.2922028988789,70.48882412194396,119.60507853048888,179.56849430882298,230.69418739950547,279.6863240836986,330.1068702338399,379.89089575496126,419.41336796584494,481.0592098952216,30.356525155616172,80.9036098186038,129.15994175341714,180.55204172573787,218.75297513450838,270.3722092102147,329.62813717127085,368.83522233300226,419.850366008736,479.06668067097684,30.243415410388426,69.851581558795,130.34848663137757,180.87335922755432,218.7384090290016,270.2901590026524,330.10902064607257,369.6589192487037,420.09914780456955,481.2724723332776,29.475706380069926,70.76166580690648,130.31188777980634,169.64721638812534,229.2709334470922,280.1666451990306,319.9579048495851,369.30246539483466,419.1231394711531,468.95221075070253,29.611093221219676,79.07016668317368,130.3035347910504,179.94422654677012,229.96365766555172,270.30485652676686,331.0169874888315,369.3464053775833,429.11922934544185,470.2913957247027,519.0347346280241,70.48077447599417,128.98630367056012,169.63534846646454,229.95173287237725,268.8183157877943,319.02027392301875,370.5813104017747,418.8881225053715,481.2588402565895,30.86024714490569,80.76244501443146,120.06559050961107,170.08837330364886,220.66595185837997,279.9155053231925,330.1472297519944,379.81950721634934,430.9572535259338,470.7052537798786,519.3730997354871,69.45437641664228,119.65237511159236,169.0358438517995,230.55424579928675,269.99550511494823,320.16990050531825,369.86316417140597,420.41856825040594,469.8419529040763,30.527645524685315,80.40900744725003,119.84449357883719,181.10461371384739,230.23907549289507,269.64103514374807,329.6629125242322,369.78151498048993,429.8193033358456,481.1643467113273,31.056782996084507,71.02699338251517,118.87610180228887,170.4824600013117,219.00666071381477,279.31873769826666,319.68142286126624,380.5788446703963,419.54278361462633,480.4509274850963,50.0,50.0,50.0,50.0,50.0,50.0,50.0,50.0,50.0,50.0,100.0,100.0,100.0,100.0,100.0,100.0,100.0,100.0,100.0,100.0,150.0,150.0,150.0,150.0,150.0,150.0,150.0,150.0,150.0,150.0,200.0,200.0,200.0,200.0,200.0,200.0,200.0,200.0,200.0,200.0,250.0,250.0,250.0,250.0,250.0,250.0,250.0,250.0,250.0,250.0,300.0,300.0,300.0,300.0,300.0,300.0,300.0,300.0,300.0,300.0,350.0,350.0,350.0,350.0,350.0,350.0,350.0,350.0,350.0,350.0,400.0,400.0,400.0,400.0,400.0,400.0,400.0,400.0,400.0,400.0,450.0,450.0,450.0,450.0,450.0,450.0,450.0,450.0,450.0,450.0,500.0,500.0,500.0,500.0,500.0,500.0,500.0,500.0,500.0,2999.0
518.7166473433234,69.91326856638841,119.02952297493333,180.14404986437853,231.26974295506102,280.2618796392541,330.68242578939544,380.4664513105168,418.83781241028936,481.63476545077714,30.93208071117173,81.47916537415935,129.7354973089727,181.12759728129342,218.17741957895282,269.7966536546591,330.2036927268264,368.2596667774467,419.2748104531804,479.64223622653236,30.818970965943983,69.27602600323945,130.92404218693312,181.44891478310987,218.16285347344603,269.7146034470968,330.6845762016281,369.0833636931481,419.523592249014,481.84802788883314,30.051261935625483,70.18611025135093,130.8874433353619,169.0716608325698,229.84648900264776,280.7422007545861,319.3823492940295,368.7269098392791,418.5475839155975,468.37665519514695,30.186648776775233,79.64572223872923,130.87909034660595,180.51978210232568,230.53921322110727,269.7293009712113,331.592543044387,368.77084982202774,429.6947849009974,469.7158401691471,518.4591790724686,69.90521892043861,129.56185922611567,169.05979291090898,230.5272884279328,268.2427602322387,318.44471836746317,370.00575484621913,418.3125669498159,481.83439581214503,31.435802700461245,81.33800056998702,119.49003495405552,169.5128177480933,220.09039630282442,280.49106087874804,330.72278530754994,380.39506277190486,431.53280908148935,470.129698224323,518.7975441799316,68.87882086108672,119.07681955603681,168.46028829624396,231.1298013548423,269.41994955939265,319.5943449497627,369.2876086158504,419.84301269485036,469.26639734852074,31.103201080240872,80.98456300280559,119.26893802328163,181.68016926940294,230.81463104845062,269.0654795881925,330.2384680797877,369.20595942493435,430.3948588914011,481.73990226688284,31.632338551640064,70.45143782695962,118.30054624673332,169.90690444575614,218.43110515825921,279.8942932538222,319.10586730571066,381.1544002259518,418.96722805907075,481.02648304065184,50.0,50.0,50.0,50.0,50.0,50.0,50.0,50.0,50.0,50.0,100.0,100.0,100.0,100.0,100.0,100.0,100.0,100.0,100.0,100.0,150.0,150.0,150.0,150.0,150.0,150.0,150.0,150.0,150.0,150.0,200.0,200.0,200.0,200.0,200.0,200.0,200.0,200.0,200.0,200.0,250.0,250.0,250.0,250.0,250.0,250.0,250.0,250.0,250.0,250.0,300.0,300.0,300.0,300.0,300.0,300.0,300.0,300.0,300.0,300.0,350.0,350.0,350.0,350.0,350.0,350.0,350.0,350.0,350.0,350.0,400.0,400.0,400.0,400.0,400.0,400.0,400.0,400.0,400.0,400.0,450.0,450.0,450.0,450.0,450.0,450.0,450.0,450.0,450.0,450.0,500.0,500.0,500.0,500.0,500.0,500.0,500.0,500.0,500.0,3199.0
518.1410917877679,69.33771301083286,118.45396741937778,180.71960541993408,231.84529851061657,280.83743519480964,331.25798134495096,381.0420068660723,418.2622568547338,482.21032100633266,31.507636266727285,82.0547209297149,130.31105286452825,181.70315283684897,217.60186402339727,269.22109809910353,330.7792482823819,367.6841112218911,418.6992548976248,480.2177917820879,31.39452652149954,68.7004704476839,131.49959774248867,182.02447033866542,217.58729791789048,269.1390478915412,331.2601317571836,368.5078081375925,418.9480366934584,482.42358344438867,30.62681749118104,69.61055469579537,131.46299889091745,168.49610527701424,230.4220445582033,281.31775631014165,318.8067937384739,368.1513542837235,417.9720283600419,467.80109963959137,30.76220433233079,80.22127779428479,131.4546459021615,181.09533765788123,231.11476877666283,269.1537454156557,332.16809859994254,368.19529426647216,430.2703404565529,469.1402846135915,517.8836235169131,69.32966336488306,130.13741478167123,168.48423735535343,231.10284398348836,267.6672046766831,317.8691628119076,369.43019929066355,417.7370113942603,482.40995136770056,32.011358256016806,81.91355612554257,118.91447939849996,168.93726219253776,219.51484074726886,281.06661643430357,331.29834086310547,380.9706183274604,432.1083646370449,469.55414266876744,518.2219886243761,68.30326530553117,118.50126400048126,167.8847327406884,231.70535691039785,268.84439400383707,319.0187893942071,368.7120530602948,419.2674571392948,468.69084179296516,31.67875663579643,81.56011855836114,118.69338246772608,182.2557248249585,231.39018660400617,268.4899240326369,330.81402363534323,368.63040386937877,430.9704144469566,482.31545782243836,32.20789410719562,69.87588227140407,117.72499069117777,169.3313488902006,217.85554960270366,280.4698488093777,318.5303117501551,381.72995578150733,418.39167250351517,481.60203859620736,50.0,50.0,50.0,50.0,50.0,50.0,50.0,50.0,50.0,50.0,100.0,100.0,100.0,100.0,100.0,100.0,100.0,100.0,100.0,100.0,150.0,150.0,150.0,150.0,150.0,150.0,150.0,150.0,150.0,150.0,200.0,200.0,200.0,200.0,200.0,200.0,200.0,200.0,200.0,200.0,250.0,250.0,250.0,250.0,250.0,250.0,250.0,250.0,250.0,250.0,300.0,300.0,300.0,300.0,300.0,300.0,300.0,300.0,300.0,300.0,350.0,350.0,350.0,350.0,350.0,350.0,350.0,350.0,350.0,350.0,400.0,400.0,400.0,400.0,400.0,400.0,400.0,400.0,400.0,400.0,450.0,450.0,450.0,450.0,450.0,450.0,450.0,450.0,450.0,450.0,500.0,500.0,500.0,500.0,500.0,500.0,500.0,500.0,500.0,3399.0
517.5655362322124,68.7621574552773,117.87841186382222,181.29516097548964,232.42085406617213,281.41299075036517,331.8335369005065,381.61756242162784,417.6867012991782,482.7858765618882,32.08319182228284,82.63027648527046,130.8866084200838,182.27870839240452,217.02630846784172,268.64554254354795,331.3548038379374,367.1085556663355,418.12369934206924,480.7933473376434,31.970082077055096,68.12491489212834,132.07515329804423,182.60002589422098,217.01174236233493,268.56349233598564,331.83568731273914,367.93225258203694,418.3724811379028,482.9991389999442,31.202373046736597,69.03499914023982,132.038554446473,167.92054972145868,230.99760011375886,281.89331186569717,318.23123818291833,367.5757987281679,417.39647280448634,467.2255440840358,31.337759887886346,80.79683334984034,132.03020145771706,181.67089321343678,231.69032433221838,268.5781898601001,332.74365415549806,367.6197387109166,430.8458960121084,468.56472905803594,517.3080679613576,68.75410780932751,130.71297033722678,167.90868179979788,231.6783995390439,267.09164912112755,317.293607256352,368.85464373510797,417.16145583870474,482.9855069232561,32.586913811572366,82.48911168109812,118.33892384294441,168.3617066369822,218.9392851917133,281.6421719898591,331.873896418661,381.5461738830159,432.6839201926004,468.97858711321186,517.6464330688206,67.72770974997562,117.9257084449257,167.30917718513285,232.2809124659534,268.2688384482815,318.4432338386515,368.1364975047392,418.6919015837392,468.1152862374096,32.254312191351985,82.13567411391669,118.11782691217053,182.83128038051404,231.96574215956173,267.9143684770813,331.38957919089876,368.0548483138232,431.54597000251215,482.8910133779939,32.78344966275118,69.30032671584851,117.14943513562221,168.75579333464503,217.2799940471481,281.04540436493323,317.9547561945995,382.30551133706285,417.8161169479596,482.1775941517629,50.0,50.0,50.0,50.0,50.0,50.0,50.0,50.0,50.0,50.0,100.0,100.0,100.0,100.0,100.0,100.0,100.0,100.0,100.0,100.0,150.0,150.0,150.0,150.0,150.0,150.0,150.0,150.0,150.0,150.0,200.0,200.0,200.0,200.0,200.0,200.0,200.0,200.0,200.0,200.0,250.0,250.0,250.0,250.0,250.0,250.0,250.0,250.0,250.0,250.0,300.0,300.0,300.0,300.0,300.0,300.0,300.0,300.0,300.0,300.0,350.0,350.0,350.0,350.0,350.0,350.0,350.0,350.0,350.0,350.0,400.0,400.0,400.0,400.0,400.0,400.0,400.0,400.0,400.0,400.0,450.0,450.0,450.0,450.0,450.0,450.0,450.0,450.0,450.0,450.0,500.0,500.0,500.0,500.0,500.0,500.0,500.0,500.0,500.0,3599.0
516.9899806766568,68.18660189972175,117.30285630826667,181.8707165310452,232.99640962172768,281.9885463059207,332.409092456062,382.19311797718336,417.1111457436226,483.3614321174437,32.6587473778384,83.20583204082601,131.46216397563936,182.85426394796008,216.45075291228616,268.06998698799237,331.93035939349295,366.53300011077994,417.54814378651366,481.36890289319894,32.54563763261066,67.54935933657279,132.65070885359978,183.17558144977653,216.43618680677938,267.98793678043006,332.41124286829466,367.35669702648136,417.7969255823472,483.5746945554997,31.777928602292153,68.45944358468427,132.61411000202855,167.34499416590313,231.57315566931442,282.4688674212527,317.65568262736275,367.00024317261233,416.82091724893075,466.6499885284802,31.913315443441903,81.3723889053959,132.6057570132726,182.24644876899234,232.26587988777393,268.00263430454453,333.3192097110536,367.044183155361,431.42145156766395,467.98917350248036,516.732512405802,68.17855225377195,131.28852589278233,167.33312624424232,232.25395509459946,266.51609356557196,316.7180517007964,368.2790881795524,416.58590028314916,483.5610624788116,33.162469367127926,83.06466723665368,117.76336828738886,167.78615108142665,218.36372963615776,282.2177275454146,332.4494519742165,382.12172943857144,433.2594757481559,468.4030315576563,517.070877513265,67.15215419442006,117.35015288937015,166.7336216295773,232.85646802150896,267.6932828927259,317.8676782830959,367.56094194918364,418.1163460281836,467.539730681854,32.829867746907546,82.71122966947225,117.54227135661498,183.4068359360696,232.54129771511728,267.33881292152574,331.9651347464543,367.4792927582676,432.1215255580677,483.4665689335494,33.35900521830674,68.72477116029296,116.57387958006666,168.18023777908948,216.70443849159255,281.62095992048876,317.3792006390439,382.8810668926184,417.240561392404,482.7531497073184,50.0,50.0,50.0,50.0,50.0,50.0,50.0,50.0,50.0,50.0,100.0,100.0,100.0,100.0,100.0,100.0,100.0,100.0,100.0,100.0,150.0,150.0,150.0,150.0,150.0,150.0,150.0,150.0,150.0,150.0,200.0,200.0,200.0,200.0,200.0,200.0,200.0,200.0,200.0,200.0,250.0,250.0,250.0,250.0,250.0,250.0,250.0,250.0,250.0,250.0,300.0,300.0,300.0,300.0,300.0,300.0,300.0,300.0,300.0,300.0,350.0,350.0,350.0,350.0,350.0,350.0,350.0,350.0,350.0,350.0,400.0,400.0,400.0,400.0,400.0,400.0,400.0,400.0,400.0,400.0,450.0,450.0,450.0,450.0,450.0,450.0,450.0,450.0,450.0,450.0,500.0,500.0,500.0,500.0,500.0,500.0,500.0,500.0,500.0,3799.0
516.4144251211013,67.6110463441662,116.72730075271112,182.44627208660074,233.57196517728323,282.5641018614762,332.98464801161754,382.7686735327389,416.53559018806703,483.93698767299924,33.23430293339396,83.78138759638156,132.0377195311949,183.42981950351563,215.8751973567306,267.4944314324368,332.5059149490485,365.95744455522436,416.9725882309581,481.94445844875446,33.12119318816622,66.97380378101724,133.22626440915533,183.75113700533208,215.86063125122382,267.4123812248745,332.9867984238502,366.7811414709258,417.22137002679165,484.15025011105524,32.35348415784771,67.88388802912871,133.1896655575841,166.76943861034758,232.14871122486997,283.0444229768082,317.08012707180717,366.42468761705675,416.2453616933752,466.0744329729246,32.48887099899746,81.94794446095145,133.18131256882816,182.8220043245479,232.8414354433295,267.42707874898895,333.8947652666091,366.4686275998054,431.9970071232195,467.4136179469248,516.1569568502465,67.6029966982164,131.86408144833788,166.75757068868677,232.82951065015502,265.9405380100164,316.14249614524084,367.7035326239968,416.0103447275936,484.13661803436713,33.738024922683486,83.64022279220923,117.1878127318333,167.2105955258711,217.7881740806022,282.79328310097014,333.02500752977204,382.69728499412696,433.83503130371145,467.8274760021007,516.4953219577095,66.57659863886451,116.7745973338146,166.15806607402175,233.4320235770645,267.1177273371703,317.29212272754035,366.98538639362806,417.54079047262803,466.9641751262984,33.405423302463106,83.2867852250278,116.96671580105942,183.98239149162515,233.11685327067283,266.76325736597016,332.5406903020098,366.903737202712,432.6970811136232,484.04212448910494,33.9345607738623,68.1492156047374,115.9983240245111,167.60468222353393,216.128882936037,282.1965154760443,316.80364508348833,383.4566224481739,416.6650058368484,483.32870526287394,50.0,50.0,50.0,50.0,50.0,50.0,50.0,50.0,50.0,50.0,100.0,100.0,100.0,100.0,100.0,100.0,100.0,100.0,100.0,100.0,150.0,150.0,150.0,150.0,150.0,150.0,150.0,150.0,150.0,150.0,200.0,200.0,200.0,200.0,200.0,200.0,200.0,200.0,200.0,200.0,250.0,250.0,250.0,250.0,250.0,250.0,250.0,250.0,250.0,250.0,300.0,300.0,300.0,300.0,300.0,300.0,300.0,300.0,300.0,300.0,350.0,350.0,350.0,350.0,350.0,350.0,350.0,350.0,350.0,350.0,400.0,400.0,400.0,400.0,400.0,400.0,400.0,400.0,400.0,400.0,450.0,450.0,450.0,450.0,450.0,450.0,450.0,450.0,450.0,450.0,500.0,500.0,500.0,500.0,500.0,500.0,500.0,500.0,500.0,3999.0
515.8388695655458,67.03549078861064,116.15174519715556,183.0218276421563,234.14752073283879,283.13965741703174,333.56020356717306,383.3442290882944,415.96003463251145,484.51254322855476,33.80985848894952,84.35694315193712,132.61327508675046,184.00537505907118,215.29964180117506,266.9188758768812,333.081470504604,365.3818889996688,416.3970326754025,482.52001400431,33.69674874372178,66.39824822546169,133.8018199647109,184.32669256088764,215.28507569566827,266.8368256693189,333.5623539794057,366.2055859153702,416.64581447123606,484.72580566661077,32.92903971340327,67.30833247357316,133.76522111313966,166.19388305479202,232.72426678042552,283.61997853236375,316.5045715162516,365.84913206150117,415.6698061378196,465.49887741736904,33.06442655455302,82.523500016507,133.75686812438371,183.39755988010344,233.41699099888504,266.85152319343337,334.47032082216464,365.89307204424983,432.572562678775,466.8380623913692,515.581401294691,67.02744114266085,132.43963700389344,166.18201513313122,233.40506620571057,265.3649824544608,315.56694058968526,367.1279770684412,415.434789172038,484.71217358992266,34.31358047823905,84.21577834776478,116.61225717627775,166.63503997031555,217.21261852504665,283.36883865652567,333.60056308532756,383.2728405496825,434.41058685926697,467.2519204465451,515.919766402154,66.00104308330896,116.19904177825904,165.5825105184662,234.00757913262007,266.54217178161474,316.71656717198476,366.4098308380725,416.96523491707245,466.38861957074283,33.980978858018666,83.86234078058335,116.39116024550387,184.5579470471807,233.6924088262284,266.1877018104146,333.11624585756533,366.32818164715644,433.2726366691787,484.61768004466046,34.51011632941786,67.57366004918185,115.42276846895555,167.02912666797837,215.55332738048145,282.7720710315998,316.22808952793275,384.0321780037294,416.08945028129284,483.90426081842946,50.0,50.0,50.0,50.0,50.0,50.0,50.0,50.0,50.0,50.0,100.0,100.0,100.0,100.0,100.0,100.0,100.0,100.0,100.0,100.0,150.0,150.0,150.0,150.0,150.0,150.0,150.0,150.0,150.0,150.0,200.0,200.0,200.0,200.0,200.0,200.0,200.0,200.0,200.0,200.0,250.0,250.0,250.0,250.0,250.0,250.0,250.0,250.0,250.0,250.0,300.0,300.0,300.0,300.0,300.0,300.0,300.0,300.0,300.0,300.0,350.0,350.0,350.0,350.0,350.0,350.0,350.0,350.0,350.0,350.0,400.0,400.0,400.0,400.0,400.0,400.0,400.0,400.0,400.0,400.0,450.0,450.0,450.0,450.0,450.0,450.0,450.0,450.0,450.0,450.0,500.0,500.0,500.0,500.0,500.0,500.0,500.0,500.0,500.0,4199.0
515.2633140099903,66.45993523305509,115.57618964160001,183.59738319771185,234.72307628839434,283.71521297258727,334.1357591227286,383.91978464384994,415.38447907695587,485.0880987841103,34.38541404450508,84.93249870749267,133.18883064230602,184.58093061462674,214.7240862456195,266.3433203213256,333.6570260601595,364.8063334441132,415.8214771198469,483.0955695598655,34.27230429927734,65.82269266990613,134.37737552026644,184.9022481164432,214.70952014011272,266.2612701137633,334.13790953496124,365.6300303598146,416.0702589156805,485.3013612221663,33.50459526895883,66.7327769180176,134.3407766686952,165.61832749923647,233.29982233598108,284.19553408791927,315.929015960696,365.2735765059456,415.094250582264,464.92332186181346,33.63998211010858,83.09905557206255,134.33242367993927,183.973115435659,233.9925465544406,266.2759676378778,335.04587637772016,365.31751648869425,433.1481182343305,466.2625068358136,515.0058457391355,66.4518855871053,133.015192559449,165.60645957757566,233.98062176126612,264.7894268989052,314.9913850341297,366.55242151288564,414.8592336164824,485.2877291454782,34.88913603379461,84.79133390332034,116.0367016207222,166.05948441476,216.6370629694911,283.9443942120812,334.1761186408831,383.848396105238,434.9861424148225,466.67636489098953,515.3442108465985,65.4254875277534,115.62348622270349,165.00695496291064,234.58313468817562,265.96661622605916,316.1410116164292,365.8342752825169,416.38967936151687,465.81306401518725,34.55653441357423,84.4378963361389,115.81560468994832,185.13350260273626,234.26796438178394,265.612146254859,333.69180141312086,365.75262609160086,433.84819222473425,485.193235600216,35.08567188497342,66.9981044936263,114.8472129134,166.45357111242282,214.9777718249259,283.34762658715533,315.65253397237717,384.60773355928495,415.51389472573726,484.479816373985,50.0,50.0,50.0,50.0,50.0,50.0,50.0,50.0,50.0,50.0,100.0,100.0,100.0,100.0,100.0,100.0,100.0,100.0,100.0,100.0,150.0,150.0,150.0,150.0,150.0,150.0,150.0,150.0,150.0,150.0,200.0,200.0,200.0,200.0,200.0,200.0,200.0,200.0,200.0,200.0,250.0,250.0,250.0,250.0,250.0,250.0,250.0,250.0,250.0,250.0,300.0,300.0,300.0,300.0,300.0,300.0,300.0,300.0,300.0,300.0,350.0,350.0,350.0,350.0,350.0,350.0,350.0,350.0,350.0,350.0,400.0,400.0,400.0,400.0,400.0,400.0,400.0,400.0,400.0,400.0,450.0,450.0,450.0,450.0,450.0,450.0,450.0,450.0,450.0,450.0,500.0,500.0,500.0,500.0,500.0,500.0,500.0,500.0,500.0,4399.0
514.6877584544347,65.88437967749954,115.00063408604446,184.1729387532674,235.2986318439499,284.2907685281428,334.7113146782841,384.49534019940546,414.8089235214003,485.6636543396658,34.96096960006064,85.50805426304822,133.76438619786157,185.1564861701823,214.14853069006395,265.76776476577004,334.23258161571505,364.2307778885576,415.24592156429134,483.67112511542103,34.8478598548329,65.24713711435058,134.952931075822,185.47780367199874,214.13396458455716,265.68571455820774,334.71346509051676,365.05447480425903,415.4947033601249,485.8769167777218,34.08015082451439,66.15722136246205,134.91633222425077,165.04277194368092,233.87537789153663,284.7710896434748,315.3534604051404,364.69802095039,414.51869502670843,464.3477663062579,34.215537665664144,83.6746111276181,134.90797923549482,184.54867099121455,234.56810210999615,265.7004120823222,335.6214319332757,364.74196093313867,433.72367378988605,465.68695128025803,514.4302901835799,65.87633003154974,133.59074811500454,165.0309040220201,234.55617731682167,264.21387134334964,314.4158294785741,365.97686595733006,414.28367806092683,485.8632847010337,35.46469158935017,85.36688945887589,115.46114606516664,165.48392885920444,216.06150741393554,284.5199497676367,334.7516741964386,384.42395166079353,435.561697970378,466.10080933543395,514.7686552910429,64.84993197219785,115.04793066714794,164.4313994073551,235.15869024373117,265.3910606705036,315.5654560608736,365.2587197269613,415.8141238059613,465.23750845963167,35.13208996912979,85.01345189169446,115.24004913439276,185.7090581582918,234.8435199373395,265.0365906993034,334.2673569686764,365.1770705360453,434.4237477802898,485.7687911557715,35.66122744052898,66.42254893807075,114.27165735784445,165.87801555686727,214.40221626937034,283.92318214271086,315.0769784168216,385.1832891148405,414.9383391701817,485.0553719295405,50.0,50.0,50.0,50.0,50.0,50.0,50.0,50.0,50.0,50.0,100.0,100.0,100.0,100.0,100.0,100.0,100.0,100.0,100.0,100.0,150.0,150.0,150.0,150.0,150.0,150.0,150.0,150.0,150.0,150.0,200.0,200.0,200.0,200.0,200.0,200.0,200.0,200.0,200.0,200.0,250.0,250.0,250.0,250.0,250.0,250.0,250.0,250.0,250.0,250.0,300.0,300.0,300.0,300.0,300.0,300.0,300.0,300.0,300.0,300.0,350.0,350.0,350.0,350.0,350.0,350.0,350.0,350.0,350.0,350.0,400.0,400.0,400.0,400.0,400.0,400.0,400.0,400.0,400.0,400.0,450.0,450.0,450.0,450.0,450.0,450.0,450.0,450.0,450.0,450.0,500.0,500.0,500.0,500.0,500.0,500.0,500.0,500.0,500.0,4599.0
514.1122028988792,65.30882412194399,114.4250785304889,184.74849430882296,235.87418739950544,284.8663240836983,335.28687023383964,385.070895754961,414.2333679658447,486.23920989522134,35.536525155616204,86.08360981860378,134.33994175341712,185.73204172573784,213.5729751345084,265.19220921021446,334.8081371712706,363.65522233300203,414.67036600873575,484.24668067097656,35.42341541038846,64.67158155879503,135.52848663137755,186.0533592275543,213.5584090290016,265.11015900265215,335.2890206460723,364.47891924870345,414.9191478045693,486.45247233327734,34.65570638006995,65.5816658069065,135.49188777980632,164.46721638812537,234.45093344709218,285.3466451990303,314.77790484958484,364.1224653948344,413.94313947115285,463.7722107507023,34.791093221219704,84.25016668317366,135.48353479105037,185.1242265467701,235.1436576655517,265.1248565267666,336.1969874888312,364.1664053775831,434.2992293454416,465.11139572470245,513.8547346280244,65.30077447599419,134.1663036705601,164.45534846646456,235.13173287237723,263.63831578779406,313.8402739230185,365.4013104017745,413.70812250537125,486.43884025658923,36.04024714490573,85.94244501443144,114.88559050961109,164.9083733036489,215.48595185838,285.09550532319224,335.32722975199414,384.99950721634906,436.13725352593355,465.52525377987837,514.1930997354874,64.2743764166423,114.47237511159238,163.85584385179953,235.73424579928673,264.815505114948,314.989900505318,364.68316417140574,415.2385682504057,464.6619529040761,35.70764552468535,85.58900744725001,114.66449357883721,186.28461371384736,235.41907549289505,264.46103514374784,334.8429125242319,364.6015149804897,434.9993033358453,486.34434671132703,36.23678299608454,65.8469933825152,113.6961018022889,165.30246000131172,213.8266607138148,284.4987376982664,314.501422861266,385.758844670396,414.3627836146261,485.63092748509604,50.0,50.0,50.0,50.0,50.0,50.0,50.0,50.0,50.0,50.0,100.0,100.0,100.0,100.0,100.0,100.0,100.0,100.0,100.0,100.0,150.0,150.0,150.0,150.0,150.0,150.0,150.0,150.0,150.0,150.0,200.0,200.0,200.0,200.0,200.0,200.0,200.0,200.0,200.0,200.0,250.0,250.0,250.0,250.0,250.0,250.0,250.0,250.0,250.0,250.0,300.0,300.0,300.0,300.0,300.0,300.0,300.0,300.0,300.0,300.0,350.0,350.0,350.0,350.0,350.0,350.0,350.0,350.0,350.0,350.0,400.0,400.0,400.0,400.0,400.0,400.0,400.0,400.0,400.0,400.0,450.0,450.0,450.0,450.0,450.0,450.0,450.0,450.0,450.0,450.0,500.0,500.0,500.0,500.0,500.0,500.0,500.0,500.0,500.0,4799.0
513.5366473433237,64.73326856638843,113.84952297493335,185.3240498643785,236.449742955061,285.44187963925384,335.86242578939516,385.6464513105165,413.6578124102891,486.81476545077686,36.112080711171764,86.65916537415933,134.91549730897268,186.3075972812934,212.99741957895284,264.6166536546589,335.3836927268261,363.07966677744645,414.0948104531802,484.8222362265321,35.99897096594402,64.09602600323947,136.1040421869331,186.62891478310985,212.98285347344606,264.5346034470966,335.8645762016278,363.90336369314787,414.34359224901374,487.02802788883287,35.23126193562551,65.00611025135095,136.06744333536187,163.8916608325698,235.02648900264774,285.92220075458584,314.20234929402926,363.54690983927884,413.36758391559727,463.1966551951467,35.366648776775264,84.82572223872921,136.05909034660593,185.69978210232566,235.71921322110725,264.54930097121104,336.77254304438674,363.5908498220275,434.8747849009971,464.53584016914687,513.2791790724689,64.72521892043864,134.74185922611565,163.879792910909,235.70728842793278,263.0627602322385,313.26471836746293,364.8257548462189,413.13256694981567,487.01439581214476,36.61580270046129,86.518000569987,114.31003495405554,164.33281774809333,214.91039630282444,285.67106087874777,335.90278530754966,385.5750627719046,436.71280908148907,464.9496982243228,513.6175441799319,63.698820861086745,113.89681955603683,163.28028829624398,236.30980135484228,264.2399495593924,314.41434494976244,364.10760861585015,414.6630126948501,464.0863973485205,36.28320108024091,86.16456300280556,114.08893802328166,186.86016926940292,235.9946310484506,263.88547958819225,335.41846807978743,364.0259594249341,435.5748588914008,486.91990226688256,36.8123385516401,65.27143782695964,113.12054624673334,164.72690444575616,213.25110515825924,285.0742932538219,313.9258673057104,386.3344002259515,413.7872280590705,486.20648304065156,50.0,50.0,50.0,50.0,50.0,50.0,50.0,50.0,50.0,50.0,100.0,100.0,100.0,100.0,100.0,100.0,100.0,100.0,100.0,100.0,150.0,150.0,150.0,150.0,150.0,150.0,150.0,150.0,150.0,150.0,200.0,200.0,200.0,200.0,200.0,200.0,200.0,200.0,200.0,200.0,250.0,250.0,250.0,250.0,250.0,250.0,250.0,250.0,250.0,250.0,300.0,300.0,300.0,300.0,300.0,300.0,300.0,300.0,300.0,300.0,350.0,350.0,350.0,350.0,350.0,350.0,350.0,350.0,350.0,350.0,400.0,400.0,400.0,400.0,400.0,400.0,400.0,400.0,400.0,400.0,450.0,450.0,450.0,450.0,450.0,450.0,450.0,450.0,450.0,450.0,500.0,500.0,500.0,500.0,500.0,500.0,500.0,500.0,500.0,4999.0
512.9610917877682,64.15771301083288,113.2739674193778,185.89960541993406,237.02529851061655,286.01743519480937,336.4379813449507,386.22200686607204,413.08225685473354,487.34032100633243,36.687636266727324,87.23472092971488,135.49105286452823,186.88315283684895,212.4718640233973,264.0410980991033,335.9592482823816,362.50411122189087,413.5192548976246,485.3977917820876,36.57452652149958,63.52047044768392,136.67959774248865,187.2044703386654,212.4072979178905,263.959047891541,336.44013175718334,363.3278081375923,413.76803669345816,487.55358344438844,35.80681749118107,64.4305546957954,136.64299889091743,163.31610527701426,235.6020445582033,286.49775631014137,313.6267937384737,362.97135428372326,412.7920283600417,462.62109963959114,35.942204332330824,85.40127779428477,136.63464590216148,186.2753376578812,236.2947687766628,263.97374541565546,337.34809859994226,363.0152942664719,435.4503404565526,463.9602846135913,512.7036235169134,64.14966336488308,135.3174147816712,163.30423735535345,236.28284398348833,262.4872046766829,312.68916281190735,364.2501992906633,412.5570113942601,487.5399513677003,37.19135825601685,87.09355612554255,113.73447939849999,163.75726219253778,214.33484074726888,286.2466164343033,336.4783408631052,386.1506183274601,437.23836463704464,464.3741426687672,513.0419886243764,63.12326530553119,113.32126400048128,162.70473274068843,236.88535691039783,263.66439400383683,313.83878939420686,363.5320530602946,414.08745713929454,463.5108417929649,36.85875663579647,86.74011855836112,113.5133824677261,187.43572482495847,236.57018660400615,263.3099240326367,335.99402363534296,363.45040386937853,436.15041444695635,487.44545782243813,37.38789410719566,64.69588227140409,112.54499069117779,164.1513488902006,212.67554960270368,285.64984880937743,313.35031175015484,386.90995578150705,413.21167250351493,486.7820385962071,50.0,50.0,50.0,50.0,50.0,50.0,50.0,50.0,50.0,50.0,100.0,100.0,100.0,100.0,100.0,100.0,100.0,100.0,100.0,100.0,150.0,150.0,150.0,150.0,150.0,150.0,150.0,150.0,150.0,150.0,200.0,200.0,200.0,200.0,200.0,200.0,200.0,200.0,200.0,200.0,250.0,250.0,250.0,250.0,250.0,250.0,250.0,250.0,250.0,250.0,300.0,300.0,300.0,300.0,300.0,300.0,300.0,300.0,300.0,300.0,350.0,350.0,350.0,350.0,350.0,350.0,350.0,350.0,350.0,350.0,400.0,400.0,400.0,400.0,400.0,400.0,400.0,400.0,400.0,400.0,450.0,450.0,450.0,450.0,450.0,450.0,450.0,450.0,450.0,450.0,500.0,500.0,500.0,500.0,500.0,500.0,500.0,500.0,500.0,5199.0
512.3855362322126,63.582157455277326,112.69841186382224,186.47516097548962,237.6008540661721,286.5929907503649,337.0135369005062,386.79756242162756,412.50670129917796,487.845876561888,37.263191822282884,87.81027648527044,136.06660842008378,187.4587083924045,211.96630846784174,263.4655425435477,336.53480383793715,361.9285556663353,412.943699342069,485.97334733764313,37.15008207705514,62.94491489212837,137.2551532980442,187.78002589422096,211.83174236233495,263.3834923359854,337.01568731273886,362.7522525820367,413.1924811379026,488.059138999944,36.38237304673663,63.85499914023984,137.21855444647298,162.7405497214587,236.17760011375884,287.0733118656969,313.0512381829181,362.3957987281677,412.2164728044861,462.04554408403555,36.517759887886385,85.97683334984032,137.21020145771703,186.85089321343676,236.87032433221836,263.3981898600999,337.9236541554978,362.43973871091634,436.02589601210815,463.3847290580357,512.1280679613578,63.57410780932753,135.89297033722676,162.7286817997979,236.8583995390439,261.9116491211273,312.11360725635177,363.67464373510774,411.9814558387045,488.0455069232559,37.76691381157241,87.6691116810981,113.15892384294443,163.18170663698223,213.75928519171333,286.8221719898588,337.0538964186607,386.72617388301563,437.7439201926002,463.7985871132116,512.4664330688208,62.597709749975635,112.74570844492573,162.12917718513287,237.4109124659534,263.08883844828125,313.2632338386513,362.956497504739,413.51190158373896,462.93528623740934,37.43431219135203,87.31567411391667,112.93782691217055,188.01128038051402,237.1457421595617,262.7343684770811,336.5695791908985,362.87484831382295,436.7259700025119,487.9510133779937,37.96344966275122,64.12032671584853,111.96943513562223,163.57579333464506,212.09999404714813,286.22540436493296,312.77475619459926,387.4855113370626,412.63611694795935,487.30759415176266,50.0,50.0,50.0,50.0,50.0,50.0,50.0,50.0,50.0,50.0,100.0,100.0,100.0,100.0,100.0,100.0,100.0,100.0,100.0,100.0,150.0,150.0,150.0,150.0,150.0,150.0,150.0,150.0,150.0,150.0,200.0,200.0,200.0,200.0,200.0,200.0,200.0,200.0,200.0,200.0,250.0,250.0,250.0,250.0,250.0,250.0,250.0,250.0,250.0,250.0,300.0,300.0,300.0,300.0,300.0,300.0,300.0,300.0,300.0,300.0,350.0,350.0,350.0,350.0,350.0,350.0,350.0,350.0,350.0,350.0,400.0,400.0,400.0,400.0,400.0,400.0,400.0,400.0,400.0,400.0,450.0,450.0,450.0,450.0,450.0,450.0,450.0,450.0,450.0,450.0,500.0,500.0,500.0,500.0,500.0,500.0,500.0,500.0,500.0,5399.0
511.80998067665706,63.00660189972177,112.12285630826669,187.05071653104517,238.17640962172766,287.1685463059204,337.58909245606173,387.3731179771831,411.9311457436224,488.33143211744357,37.838747377838445,88.38583204082599,136.64216397563933,188.03426394796006,211.4807529122862,262.88998698799213,337.1103593934927,361.3530001107797,412.36814378651343,486.54890289319866,37.7256376326107,62.41935933657281,137.83070885359976,188.3555814497765,211.2561868067794,262.8079367804298,337.5912428682944,362.1766970264811,412.616925582347,488.5446945554996,36.95792860229219,63.27944358468429,137.79411000202853,162.16499416590315,236.7531556693144,287.59886742125246,312.4756826273625,361.8202431726121,411.6409172489305,461.46998852848,37.093315443441945,86.55238890539587,137.7857570132726,187.42644876899232,237.4458798877739,262.8726343045443,338.4992097110533,361.86418315536076,436.6014515676637,462.8091735024801,511.55251240580225,62.998552253771976,136.4685258927823,162.15312624424234,237.43395509459944,261.33609356557173,311.5380517007962,363.09908817955215,411.4059002831489,488.53106247881146,38.34246936712797,88.24466723665365,112.63336828738888,162.60615108142667,213.18372963615778,287.39772754541434,337.62945197421624,387.30172943857116,438.2294757481558,463.22303155765604,511.89087751326525,62.09215419442008,112.17015288937017,161.55362162957732,237.91646802150896,262.51328289272567,312.6876782830957,362.3809419491834,412.9363460281834,462.35973068185376,38.00986774690759,87.89122966947222,112.412271356615,188.58683593606958,237.72129771511726,262.1588129215255,337.145134746454,362.29929275826737,437.3015255580674,488.43656893354927,38.539005218306784,63.54477116029298,111.39387958006668,163.0002377790895,211.52443849159258,286.8009599204885,312.1992006390437,388.0610668926181,412.06056139240377,487.81314970731825,50.0,50.0,50.0,50.0,50.0,50.0,50.0,50.0,50.0,50.0,100.0,100.0,100.0,100.0,100.0,100.0,100.0,100.0,100.0,100.0,150.0,150.0,150.0,150.0,150.0,150.0,150.0,150.0,150.0,150.0,200.0,200.0,200.0,200.0,200.0,200.0,200.0,200.0,200.0,200.0,250.0,250.0,250.0,250.0,250.0,250.0,250.0,250.0,250.0,250.0,300.0,300.0,300.0,300.0,300.0,300.0,300.0,300.0,300.0,300.0,350.0,350.0,350.0,350.0,350.0,350.0,350.0,350.0,350.0,350.0,400.0,400.0,400.0,400.0,400.0,400.0,400.0,400.0,400.0,400.0,450.0,450.0,450.0,450.0,450.0,450.0,450.0,450.0,450.0,450.0,500.0,500.0,500.0,500.0,500.0,500.0,500.0,500.0,500.0,5599.0
511.2344251211015,62.48104634416622,111.54730075271114,187.62627208660072,238.7519651772832,287.74410186147594,338.16464801161726,387.9486735327386,411.3555901880668,488.79698767299914,38.414302933394005,88.96138759638154,137.2177195311949,188.6098195035156,211.01519735673062,262.31443143243655,337.6859149490482,360.7774445552241,411.79258823095785,487.1244584487542,38.30119318816626,61.91380378101726,138.4062644091553,188.93113700533206,210.68063125122384,262.23238122487425,338.1667984238499,361.60114147092554,412.0413700267914,489.01025011105514,37.53348415784775,62.75388802912873,138.36966555758409,161.5894386103476,237.32871122486995,288.10442297680805,311.90012707180693,361.2446876170565,411.06536169337494,460.8944329729244,37.668870998997505,87.12794446095143,138.36131256882814,188.00200432454787,238.02143544332947,262.3670787489888,339.07476526660884,361.2886275998052,437.12700712321924,462.23361794692454,510.97695685024667,62.47299669821642,137.04408144833786,161.5775706886868,238.009510650155,260.76053801001615,310.9624961452406,362.5235326239966,410.83034472759334,488.99661803436703,38.91802492268353,88.82022279220921,112.12781273183332,162.03059552587112,212.60817408060223,287.97328310096987,338.20500752977176,387.8772849941267,438.69503130371135,462.64747600210046,511.31532195770967,61.606598638864526,111.59459733381462,160.97806607402177,238.40202357706454,261.9377273371701,312.1121227275401,361.8053863936278,412.3607904726278,461.7841751262982,38.58542330246315,88.46678522502778,111.90671580105943,189.16239149162513,238.2968532706728,261.5832573659699,337.72069030200953,361.7237372027118,437.8770811136229,488.90212448910484,39.114560773862344,62.96921560473743,110.81832402451113,162.42468222353395,210.94888293603702,287.376515476044,311.6236450834881,388.6366224481736,411.4850058368482,488.2987052628738,50.0,50.0,50.0,50.0,50.0,50.0,50.0,50.0,50.0,50.0,100.0,100.0,100.0,100.0,100.0,100.0,100.0,100.0,100.0,100.0,150.0,150.0,150.0,150.0,150.0,150.0,150.0,150.0,150.0,150.0,200.0,200.0,200.0,200.0,200.0,200.0,200.0,200.0,200.0,200.0,250.0,250.0,250.0,250.0,250.0,250.0,250.0,250.0,250.0,250.0,300.0,300.0,300.0,300.0,300.0,300.0,300.0,300.0,300.0,300.0,350.0,350.0,350.0,350.0,350.0,350.0,350.0,350.0,350.0,350.0,400.0,400.0,400.0,400.0,400.0,400.0,400.0,400.0,400.0,400.0,450.0,450.0,450.0,450.0,450.0,450.0,450.0,450.0,450.0,450.0,500.0,500.0,500.0,500.0,500.0,500.0,500.0,500.0,500.0,5799.0
510.6588695655459,61.975490788610664,110.97174519715558,188.20182764215627,239.32752073283876,288.31965741703146,338.7402035671728,388.52422908829413,410.7800346325112,489.2425432285547,38.989858488949565,89.5369431519371,137.79327508675044,189.18537505907116,210.56964180117507,261.73887587688097,338.2614705046037,360.20188899966854,411.21703267540227,487.65001400430975,38.87674874372182,61.4282482254617,138.98181996471087,189.50669256088761,210.1050756956683,261.65682566931866,338.74235397940544,361.02558591536996,411.46581447123583,489.45580566661073,38.10903971340331,62.24833247357318,138.94522111313964,161.01388305479205,237.9042667804255,288.5899785323636,311.32457151625135,360.66913206150093,410.48980613781936,460.3188774173688,38.244426554553066,87.70350001650698,138.9368681243837,188.57755988010342,238.59699099888502,261.8815231934332,339.65032082216436,360.7130720442496,437.63256267877483,461.65806239136896,510.4014012946911,61.96744114266087,137.61963700389342,161.00201513313124,238.58506620571055,260.18498245446057,310.386940589685,361.947977068441,410.25478917203776,489.4421735899226,39.49358047823909,89.39577834776476,111.64225717627777,161.45503997031557,212.03261852504667,288.5488386565254,338.7805630853273,388.4528405496822,439.14058685926693,462.0719204465449,510.7397664021541,61.14104308330897,111.01904177825907,160.40251051846622,238.8675791326201,261.3621717816145,311.53656717198453,361.22983083807225,411.7852349170722,461.2086195707426,39.16097885801871,89.04234078058333,111.42116024550388,189.73794704718068,238.87240882622837,261.00770181041435,338.29624585756505,361.1481816471562,438.45263666917845,489.3476800446604,39.690116329417904,62.44366004918187,110.24276846895557,161.8491266679784,210.37332738048147,287.95207103159953,311.0480895279325,389.21217800372915,410.9094502812926,488.76426081842936,50.0,50.0,50.0,50.0,50.0,50.0,50.0,50.0,50.0,50.0,100.0,100.0,100.0,100.0,100.0,100.0,100.0,100.0,100.0,100.0,150.0,150.0,150.0,150.0,150.0,150.0,150.0,150.0,150.0,150.0,200.0,200.0,200.0,200.0,200.0,200.0,200.0,200.0,200.0,200.0,250.0,250.0,250.0,250.0,250.0,250.0,250.0,250.0,250.0,250.0,300.0,300.0,300.0,300.0,300.0,300.0,300.0,300.0,300.0,300.0,350.0,350.0,350.0,350.0,350.0,350.0,350.0,350.0,350.0,350.0,400.0,400.0,400.0,400.0,400.0,400.0,400.0,400.0,400.0,400.0,450.0,450.0,450.0,450.0,450.0,450.0,450.0,450.0,450.0,450.0,500.0,500.0,500.0,500.0,500.0,500.0,500.0,500.0,500.0,5999.0
510.0833140099903,61.48993523305511,110.39618964160003,188.77738319771183,239.90307628839432,288.895212972587,339.3157591227283,389.09978464384966,410.20447907695564,489.66809878411027,39.565414044505125,90.11249870749265,138.368830642306,189.76093061462672,210.14408624561952,261.1633203213254,338.83702606015925,359.62633344411296,410.6414771198467,488.15556955986534,39.45230429927738,60.96269266990615,139.55737552026642,190.08224811644317,209.52952014011274,261.0812701137631,339.31790953496096,360.4500303598144,410.89025891568025,489.8813612221663,38.68459526895887,61.76277691801762,139.5207766686952,160.4383274992365,238.47982233598105,289.05553408791917,310.7490159606958,360.09357650594535,409.9142505822638,459.74332186181323,38.819982110108626,88.27905557206253,139.51242367993925,189.15311543565898,239.17254655444057,261.41596763787766,340.2258763777199,360.137516488694,438.1181182343304,461.0825068358134,509.8258457391355,61.48188558710531,138.19519255944897,160.42645957757568,239.1606217612661,259.609426898905,309.81138503412944,361.3724215128854,409.6792336164822,489.86772914547817,40.06913603379465,89.97133390332031,111.17670162072221,160.87948441476001,211.45706296949112,289.1243942120809,339.3561186408828,389.02839610523773,439.5661424148225,461.4963648909893,510.1642108465985,60.695487527753414,110.44348622270351,159.82695496291066,239.31313468817567,260.7866162260589,310.96101161642895,360.65427528251666,411.20967936151663,460.633064015187,39.73653441357427,89.61789633613888,110.95560468994833,190.31350260273624,239.44796438178392,260.43214625485876,338.8718014131206,360.5726260916006,439.02819222473397,489.77323560021597,40.265671884973465,61.93810449362632,109.66721291340002,161.27357111242284,209.79777182492592,288.52762658715505,310.47253397237694,389.7877335592847,410.333894725737,489.20981637398495,50.0,50.0,50.0,50.0,50.0,50.0,50.0,50.0,50.0,50.0,100.0,100.0,100.0,100.0,100.0,100.0,100.0,100.0,100.0,100.0,150.0,150.0,150.0,150.0,150.0,150.0,150.0,150.0,150.0,150.0,200.0,200.0,200.0,200.0,200.0,200.0,200.0,200.0,200.0,200.0,250.0,250.0,250.0,250.0,250.0,250.0,250.0,250.0,250.0,250.0,300.0,300.0,300.0,300.0,300.0,300.0,300.0,300.0,300.0,300.0,350.0,350.0,350.0,350.0,350.0,350.0,350.0,350.0,350.0,350.0,400.0,400.0,400.0,400.0,400.0,400.0,400.0,400.0,400.0,400.0,450.0,450.0,450.0,450.0,450.0,450.0,450.0,450.0,450.0,450.0,500.0,500.0,500.0,500.0,500.0,500.0,500.0,500.0,500.0,6199.0
509.50775845443474,61.02437967749955,109.82063408604448,189.35293875326738,240.47863184394987,289.4707685281425,339.89131467828383,389.6753401994052,409.62892352140005,490.07365433966584,40.140969600060686,90.6880542630482,138.94438619786155,190.33648617018227,209.73853069006395,260.5877647657698,339.41258161571477,359.0507778885574,410.0659215642911,488.6411251154209,40.02785985483294,60.51713711435059,140.13293107582197,190.65780367199872,208.95396458455718,260.5057145582075,339.8934650905165,359.8744748042588,410.31470336012467,490.28691677772184,39.26015082451443,61.29722136246207,140.09633222425074,159.86277194368094,239.0553778915366,289.50108964347476,310.1734604051402,359.51802095038977,409.3386950267082,459.16776630625765,39.395537665664186,88.85461112761809,140.0879792354948,189.72867099121453,239.74810210999613,260.9704120823221,340.8014319332754,359.56196093313844,438.58367378988595,460.5069512802578,509.2502901835799,61.01633003154976,138.77074811500452,159.85090402202013,239.73617731682165,259.0338713433494,309.23582947857386,360.7968659573298,409.1036780609266,490.27328470103373,40.64469158935021,90.54688945887587,110.73114606516666,160.30392885920446,210.88150741393557,289.69994976763644,339.93167419643834,389.60395166079326,439.97169797037805,460.9208093354337,509.5886552910429,60.26993197219786,109.86793066714796,159.2513994073551,239.73869024373124,260.21106067050334,310.38545606087337,360.0787197269611,410.63412380596105,460.05750845963144,40.31208996912983,90.19345189169444,110.51004913439277,190.8890581582918,240.02351993733947,259.8565906993032,339.4473569686761,359.99707053604504,439.6037477802895,490.17879115577153,40.841227440529025,61.45254893807076,109.09165735784447,160.6980155568673,209.22221626937036,289.1031821427106,309.89697841682136,390.3632891148402,409.75833917018144,489.6353719295405,50.0,50.0,50.0,50.0,50.0,50.0,50.0,50.0,50.0,50.0,100.0,100.0,100.0,100.0,100.0,100.0,100.0,100.0,100.0,100.0,150.0,150.0,150.0,150.0,150.0,150.0,150.0,150.0,150.0,150.0,200.0,200.0,200.0,200.0,200.0,200.0,200.0,200.0,200.0,200.0,250.0,250.0,250.0,250.0,250.0,250.0,250.0,250.0,250.0,250.0,300.0,300.0,300.0,300.0,300.0,300.0,300.0,300.0,300.0,300.0,350.0,350.0,350.0,350.0,350.0,350.0,350.0,350.0,350.0,350.0,400.0,400.0,400.0,400.0,400.0,400.0,400.0,400.0,400.0,400.0,450.0,450.0,450.0,450.0,450.0,450.0,450.0,450.0,450.0,450.0,500.0,500.0,500.0,500.0,500.0,500.0,500.0,500.0,500.0,6399.0
508.93220289887915,60.578824121943995,109.24507853048893,189.92849430882293,241.05418739950542,290.04632408369804,340.46687023383936,390.2508957549607,409.0533679658445,490.4592098952214,40.716525155616246,91.26360981860375,139.5199417534171,190.91204172573782,209.3529751345084,260.0122092102142,339.9881371712703,358.4752223330018,409.4903660087355,489.10668067097646,40.6034154103885,60.091581558795035,140.70848663137753,191.23335922755427,208.37840902900163,259.9301590026519,340.469020646072,359.2989192487032,409.7391478045691,490.6724723332774,39.83570638006999,60.85166580690651,140.6718877798063,159.2872163881254,239.63093344709216,289.9266451990303,309.5979048495846,358.9424653948342,408.7631394711526,458.59221075070207,39.971093221219746,89.43016668317364,140.66353479105035,190.30422654677008,240.32365766555168,260.5448565267666,341.37698748883093,358.98640537758286,439.02922934544154,459.9313957247022,508.67473462802434,60.5707744759942,139.34630367056008,159.27534846646458,240.3117328723772,258.4583157877938,308.6602739230183,360.22131040177425,408.528122505371,490.6588402565893,41.22024714490577,91.12244501443142,110.3055905096111,159.7283733036489,210.30595185838,290.27550532319196,340.50722975199386,390.1795072163488,440.35725352593363,460.34525377987813,509.01309973548734,59.8643764166423,109.2923751115924,158.67584385179956,240.1442457992868,259.63550511494776,309.8099005053178,359.5031641714055,410.0585682504055,459.48195290407585,40.88764552468539,90.76900744724999,110.08449357883721,191.46461371384734,240.59907549289503,259.2810351437476,340.02291252423163,359.42151498048946,440.179303335845,490.5643467113271,41.416782996084585,60.98699338251521,108.51610180228892,160.12246000131174,208.6466607138148,289.6787376982661,309.3214228612658,390.9388446703957,409.18278361462586,490.04092748509606,50.0,50.0,50.0,50.0,50.0,50.0,50.0,50.0,50.0,50.0,100.0,100.0,100.0,100.0,100.0,100.0,100.0,100.0,100.0,100.0,150.0,150.0,150.0,150.0,150.0,150.0,150.0,150.0,150.0,150.0,200.0,200.0,200.0,200.0,200.0,200.0,200.0,200.0,200.0,200.0,250.0,250.0,250.0,250.0,250.0,250.0,250.0,250.0,250.0,250.0,300.0,300.0,300.0,300.0,300.0,300.0,300.0,300.0,300.0,300.0,350.0,350.0,350.0,350.0,350.0,350.0,350.0,350.0,350.0,350.0,400.0,400.0,400.0,400.0,400.0,400.0,400.0,400.0,400.0,400.0,450.0,450.0,450.0,450.0,450.0,450.0,450.0,450.0,450.0,450.0,500.0,500.0,500.0,500.0,500.0,500.0,500.0,500.0,500.0,6599.0
508.3566473433236,60.15326856638844,108.66952297493337,190.5040498643785,241.62974295506098,290.62187963925356,341.0424257893949,390.82645131051623,408.4778124102889,490.82476545077697,41.292080711171806,91.83916537415931,140.09549730897265,191.48759728129338,208.98741957895285,259.43665365465864,340.5636927268258,357.8996667774462,408.91481045317994,489.55223622653205,41.17897096594406,59.686026003239476,141.28404218693308,191.80891478310983,207.80285347344608,259.35460344709634,341.04457620162754,358.72336369314763,409.1635922490135,491.03802788883297,40.411261935625554,60.426110251350956,141.24744333536185,158.71166083256983,240.20648900264771,290.33220075458587,309.022349294029,358.3669098392786,408.18758391559703,458.0166551951465,40.54664877677531,90.00572223872919,141.2390903466059,190.87978210232563,240.89921322110723,260.139300971211,341.95254304438646,358.4108498220273,439.4547849009971,459.35584016914663,508.09917907246876,60.145218920438644,139.92185922611563,158.69979291090903,240.88728842793276,257.88276023223824,308.0847183674627,359.64575484621867,407.95256694981543,491.02439581214486,41.79580270046133,91.69800056998697,109.90003495405554,159.15281774809336,209.73039630282446,290.8510608787475,341.0827853075494,390.7550627719043,440.7228090814892,459.76969822432255,508.43754417993176,59.478820861086746,108.71681955603685,158.100288296244,240.52980135484236,259.0599495593922,309.2343449497622,358.9276086158499,409.4830126948499,458.9063973485203,41.46320108024095,91.34456300280554,109.67893802328166,192.0401692694029,241.17463104845058,258.705479588192,340.59846807978715,358.8459594249339,440.75485889140054,490.92990226688266,41.992338551640145,60.54143782695965,107.94054624673336,159.54690444575618,208.07110515825926,290.25429325382163,308.7458673057102,391.51440022595125,408.6072280590703,490.42648304065165,50.0,50.0,50.0,50.0,50.0,50.0,50.0,50.0,50.0,50.0,100.0,100.0,100.0,100.0,100.0,100.0,100.0,100.0,100.0,100.0,150.0,150.0,150.0,150.0,150.0,150.0,150.0,150.0,150.0,150.0,200.0,200.0,200.0,200.0,200.0,200.0,200.0,200.0,200.0,200.0,250.0,250.0,250.0,250.0,250.0,250.0,250.0,250.0,250.0,250.0,300.0,300.0,300.0,300.0,300.0,300.0,300.0,300.0,300.0,300.0,350.0,350.0,350.0,350.0,350.0,350.0,350.0,350.0,350.0,350.0,400.0,400.0,400.0,400.0,400.0,400.0,400.0,400.0,400.0,400.0,450.0,450.0,450.0,450.0,450.0,450.0,450.0,450.0,450.0,450.0,500.0,500.0,500.0,500.0,500.0,500.0,500.0,500.0,500.0,6799.0
507.781091787768,59.74771301083288,108.09396741937782,191.07960541993404,242.20529851061653,291.1974351948091,341.6179813449504,391.40200686607176,407.9022568547333,491.17032100633253,41.86763626672737,92.41472092971486,140.6710528645282,192.06315283684893,208.6418640233973,258.86109809910306,341.13924828238135,357.32411122189063,408.33925489762436,489.9777917820876,41.75452652149962,59.30047044768392,141.85959774248863,192.38447033866538,207.22729791789052,258.77904789154076,341.62013175718306,358.14780813759205,408.5880366934579,491.38358344438853,40.986817491181114,60.0205546957954,141.8229988909174,158.13610527701428,240.78204455820327,290.71775631014145,308.44679373847345,357.791354283723,407.61202836004145,457.4410996395909,41.12220433233087,90.58127779428474,141.81464590216146,191.4553376578812,241.47476877666278,259.75374541565543,342.528098599942,357.8352942664717,439.86034045655265,458.78028461359105,507.5236235169132,59.739663364883086,140.49741478167118,158.12423735535347,241.4628439834883,257.30720467668266,307.5091628119071,359.0701992906631,407.37701139425985,491.3699513677004,42.37135825601689,92.27355612554253,109.51447939849999,158.5772621925378,209.1548407472689,291.426616434303,341.6583408631049,391.33061832745983,441.06836463704474,459.194142668767,507.8619886243762,59.11326530553119,108.1412640004813,157.52473274068845,240.89535691039794,258.4843940038366,308.6587893942066,358.35205306029434,408.9074571392943,458.3308417929647,42.03875663579651,91.9201185583611,109.2933824677261,192.61572482495845,241.75018660400613,258.12992403263644,341.1740236353427,358.2704038693783,441.33041444695607,491.2754578224382,42.567894107195706,60.1158822714041,107.36499069117781,158.97134889020063,207.4955496027037,290.82984880937715,308.1703117501546,392.0899557815068,408.0316725035147,490.7920385962072,50.0,50.0,50.0,50.0,50.0,50.0,50.0,50.0,50.0,50.0,100.0,100.0,100.0,100.0,100.0,100.0,100.0,100.0,100.0,100.0,150.0,150.0,150.0,150.0,150.0,150.0,150.0,150.0,150.0,150.0,200.0,200.0,200.0,200.0,200.0,200.0,200.0,200.0,200.0,200.0,250.0,250.0,250.0,250.0,250.0,250.0,250.0,250.0,250.0,250.0,300.0,300.0,300.0,300.0,300.0,300.0,300.0,300.0,300.0,300.0,350.0,350.0,350.0,350.0,350.0,350.0,350.0,350.0,350.0,350.0,400.0,400.0,400.0,400.0,400.0,400.0,400.0,400.0,400.0,400.0,450.0,450.0,450.0,450.0,450.0,450.0,450.0,450.0,450.0,450.0,500.0,500.0,500.0,500.0,500.0,500.0,500.0,500.0,500.0,6999.0
507.2055362322124,59.36215745527733,107.51841186382227,191.6551609754896,242.78085406617208,291.7729907503646,342.19353690050593,391.9775624216273,407.3267012991777,491.4958765618881,42.44319182228293,92.99027648527041,141.24660842008376,192.63870839240448,208.31630846784174,258.2855425435475,341.71480383793687,356.74855566633505,407.7636993420688,490.38334733764316,42.33008207705518,58.93491489212837,142.43515329804418,192.96002589422093,206.65174236233497,258.2034923359852,342.1956873127386,357.57225258203647,408.01248113790234,491.7091389999441,41.562373046736674,59.63499914023984,142.39855444647296,157.56054972145873,241.35760011375882,291.083311865697,307.87123818291786,357.21579872816744,407.03647280448587,456.8655440840353,41.69775988788643,91.1568333498403,142.390201457717,192.03089321343674,242.05032433221834,259.3881898600999,343.1036541554975,357.2597387109161,440.24589601210823,458.20472905803547,506.9480679613576,59.35410780932753,141.07297033722674,157.54868179979792,242.03839953904387,256.7316491211271,306.93360725635154,358.4946437351075,406.80145583870427,491.695506923256,42.94691381157245,92.84911168109808,109.14892384294443,158.00170663698225,208.57928519171335,292.00217198985854,342.23389641866044,391.90617388301536,441.3939201926003,458.6185871132114,507.2864330688206,58.76770974997564,107.56570844492575,156.9491771851329,241.2409124659535,257.908838448281,308.08323383865104,357.77649750473876,408.3319015837387,457.7552862374091,42.61431219135207,92.49567411391665,108.92782691217054,193.191280380514,242.32574215956168,257.55436847708086,341.7495791908982,357.6948483138227,441.9059700025116,491.6010133779938,43.143449662751266,59.71032671584854,106.78943513562226,158.39579333464508,206.91999404714815,291.4054043649327,307.59475619459903,392.6655113370623,407.4561169479591,491.13759415176276,50.0,50.0,50.0,50.0,50.0,50.0,50.0,50.0,50.0,50.0,100.0,100.0,100.0,100.0,100.0,100.0,100.0,100.0,100.0,100.0,150.0,150.0,150.0,150.0,150.0,150.0,150.0,150.0,150.0,150.0,200.0,200.0,200.0,200.0,200.0,200.0,200.0,200.0,200.0,200.0,250.0,250.0,250.0,250.0,250.0,250.0,250.0,250.0,250.0,250.0,300.0,300.0,300.0,300.0,300.0,300.0,300.0,300.0,300.0,300.0,350.0,350.0,350.0,350.0,350.0,350.0,350.0,350.0,350.0,350.0,400.0,400.0,400.0,400.0,400.0,400.0,400.0,400.0,400.0,400.0,450.0,450.0,450.0,450.0,450.0,450.0,450.0,450.0,450.0,450.0,500.0,500.0,500.0,500.0,500.0,500.0,500.0,500.0,500.0,7199.0
506.6299806766568,58.996601899721774,106.94285630826671,192.23071653104515,243.35640962172764,292.34854630592014,342.76909245606146,392.5531179771828,406.75114574362215,491.80143211744365,43.01874737783849,93.56583204082597,141.8221639756393,193.21426394796003,208.0107529122862,257.7099869879919,342.2903593934924,356.17300011077947,407.1881437865132,490.76890289319874,42.90563763261074,58.58935933657281,143.01070885359974,193.5355814497765,206.07618680677942,257.6279367804296,342.7712428682941,356.9966970264809,407.43692558234676,492.01469455549966,42.137928602292234,59.26944358468429,142.9741100020285,156.98499416590317,241.93315566931437,291.42886742125256,307.2956826273623,356.64024317261186,406.4609172489303,456.28998852847974,42.27331544344199,91.73238890539585,142.96575701327257,192.6064487689923,242.6258798877739,259.0426343045443,343.67920971105303,356.68418315536053,440.6114515676638,457.6291735024799,506.372512405802,58.98855225377198,141.6485258927823,156.97312624424237,242.61395509459942,256.1560935655715,306.35805170079595,357.9190881795519,406.2259002831487,492.00106247881155,43.52246936712801,93.42466723665363,108.80336828738888,157.4261510814267,208.0037296361578,292.57772754541406,342.80945197421596,392.4817294385709,441.69947574815586,458.0430315576558,506.710877513265,58.442154194420084,106.9901528893702,156.37362162957734,241.56646802150905,257.33328289272544,307.50767828309546,357.2009419491832,407.75634602818315,457.1797306818535,43.18986774690763,93.0712296694722,108.582271356615,193.76683593606955,242.90129771511724,256.9788129215253,342.3251347464537,357.11929275826714,442.4815255580671,491.90656893354935,43.719005218306826,59.32477116029298,106.2138795800667,157.82023777908952,206.3444384915926,291.9809599204882,307.01920063904345,393.2410668926178,406.88056139240354,491.46314970731834,50.0,50.0,50.0,50.0,50.0,50.0,50.0,50.0,50.0,50.0,100.0,100.0,100.0,100.0,100.0,100.0,100.0,100.0,100.0,100.0,150.0,150.0,150.0,150.0,150.0,150.0,150.0,150.0,150.0,150.0,200.0,200.0,200.0,200.0,200.0,200.0,200.0,200.0,200.0,200.0,250.0,250.0,250.0,250.0,250.0,250.0,250.0,250.0,250.0,250.0,300.0,300.0,300.0,300.0,300.0,300.0,300.0,300.0,300.0,300.0,350.0,350.0,350.0,350.0,350.0,350.0,350.0,350.0,350.0,350.0,400.0,400.0,400.0,400.0,400.0,400.0,400.0,400.0,400.0,400.0,450.0,450.0,450.0,450.0,450.0,450.0,450.0,450.0,450.0,450.0,500.0,500.0,500.0,500.0,500.0,500.0,500.0,500.0,500.0,7399.0
506.05442512110125,58.65104634416622,106.36730075271116,192.8062720866007,243.9319651772832,292.92410186147566,343.344648011617,393.12867353273833,406.17559018806656,492.0869876729992,43.59430293339405,94.14138759638152,142.39771953119487,193.7398195035156,207.72519735673063,257.1344314324363,342.8659149490479,355.5974445552239,406.6125882309576,491.1344584487543,43.4311931881663,58.26380378101726,143.5362644091553,194.11113700533204,205.50063125122387,257.052381224874,343.34679842384963,356.4211414709253,406.8613700267912,492.3002501110552,42.713484157847795,58.92388802912873,143.54966555758406,156.40943861034762,242.50871122486993,291.75442297680814,306.7701270718067,356.0646876170563,405.8853616933747,455.71443297292416,42.84887099899755,92.3079444609514,143.49131256882814,193.18200432454785,243.20143544332944,258.71707874898874,344.2047652666086,356.15862759980496,440.95700712321934,457.0536179469243,505.79695685024643,58.64299669821642,142.22408144833784,156.3975706886868,243.139510650155,255.63053801001595,305.7824961452404,357.39353262399635,405.6503447275931,492.2866180343671,44.09802492268357,93.95022279220919,108.47781273183332,156.85059552587114,207.47817408060226,293.1532831009696,343.3850075297715,393.00728499412645,441.9850313037114,457.51747600210024,506.18532195770945,58.13659863886453,106.41459733381464,155.7980660740218,241.87202357706462,256.75772733716985,306.9321227275399,356.6253863936276,407.18079047262756,456.60417512629795,43.76542330246319,93.64678522502776,108.25671580105944,194.3423914916251,243.4768532706728,256.4032573659697,342.90069030200925,356.54373720271155,443.0070811136227,492.1921244891049,44.294560773862386,58.95921560473743,105.63832402451115,157.24468222353397,205.81888293603706,292.5565154760437,306.44364508348787,393.81662244817335,406.30500583684795,491.7687052628739,50.0,50.0,50.0,50.0,50.0,50.0,50.0,50.0,50.0,50.0,100.0,100.0,100.0,100.0,100.0,100.0,100.0,100.0,100.0,100.0,150.0,150.0,150.0,150.0,150.0,150.0,150.0,150.0,150.0,150.0,200.0,200.0,200.0,200.0,200.0,200.0,200.0,200.0,200.0,200.0,250.0,250.0,250.0,250.0,250.0,250.0,250.0,250.0,250.0,250.0,300.0,300.0,300.0,300.0,300.0,300.0,300.0,300.0,300.0,300.0,350.0,350.0,350.0,350.0,350.0,350.0,350.0,350.0,350.0,350.0,400.0,400.0,400.0,400.0,400.0,400.0,400.0,400.0,400.0,400.0,450.0,450.0,450.0,450.0,450.0,450.0,450.0,450.0,450.0,450.0,500.0,500.0,500.0,500.0,500.0,500.0,500.0,500.0,500.0,7599.0
505.5288695655457,58.325490788610665,105.8417451971556,193.38182764215625,244.50752073283874,293.4996574170312,343.9202035671725,393.6542290882939,405.650034632511,492.3525432285548,44.1198584889496,94.66694315193708,142.97327508675042,194.24537505907116,207.45964180117508,256.55887587688073,343.44147050460344,355.0218889996683,406.08703267540204,491.48001400430985,43.93674874372186,57.9582482254617,144.04181996471087,194.6866925608876,204.9250756956683,256.47682566931843,343.92235397940516,355.8455859153697,406.2858144712356,492.5658056666108,43.23903971340335,58.59833247357318,144.12522111313962,155.83388305479207,243.08426678042548,292.0599785323637,306.2645715162512,355.4891320615007,405.3098061378191,455.1388774173686,43.42442655455311,92.88350001650696,143.9968681243837,193.7575598801034,243.776990998885,258.4115231934332,344.7103208221642,355.6530720442494,441.2825626787749,456.4780623913687,505.27140129469086,58.31744114266087,142.7996370038934,155.82201513313126,243.64506620571055,255.1249824544604,305.2069405896848,356.8879770684408,405.0747891720375,492.5521735899227,44.67358047823913,94.45577834776473,108.17225717627777,156.2750399703156,206.9726185250467,293.7288386565251,343.960563085327,393.51284054968204,442.250586859267,457.0119204465447,505.6797664021539,57.85104308330897,105.83904177825909,155.22251051846624,242.15757913262019,256.1821717816143,306.4065671719843,356.049830838072,406.605234917072,456.02861957074236,44.34097885801875,94.22234078058331,107.95116024550389,194.91794704718066,244.05240882622834,255.82770181041414,343.4762458575648,355.968181647156,443.5126366691783,492.4576800446605,44.87011632941795,58.613660049181874,105.0627684689556,156.66912666797842,205.3133273804815,293.13207103159925,305.8680895279323,394.3921780037289,405.7294502812924,492.05426081842944,50.0,50.0,50.0,50.0,50.0,50.0,50.0,50.0,50.0,50.0,100.0,100.0,100.0,100.0,100.0,100.0,100.0,100.0,100.0,100.0,150.0,150.0,150.0,150.0,150.0,150.0,150.0,150.0,150.0,150.0,200.0,200.0,200.0,200.0,200.0,200.0,200.0,200.0,200.0,200.0,250.0,250.0,250.0,250.0,250.0,250.0,250.0,250.0,250.0,250.0,300.0,300.0,300.0,300.0,300.0,300.0,300.0,300.0,300.0,300.0,350.0,350.0,350.0,350.0,350.0,350.0,350.0,350.0,350.0,350.0,400.0,400.0,400.0,400.0,400.0,400.0,400.0,400.0,400.0,400.0,450.0,450.0,450.0,450.0,450.0,450.0,450.0,450.0,450.0,450.0,500.0,500.0,500.0,500.0,500.0,500.0,500.0,500.0,500.0,7799.0
505.02331400999014,58.01993523305511,105.33618964160004,193.9573831977118,245.0830762883943,294.0752129725867,344.4457591227281,394.1597846438495,405.14447907695546,492.59809878411033,44.62541404450516,95.17249870749262,143.54883064230597,194.73093061462674,207.2140862456195,255.98332032132518,343.967026060159,354.49633344411274,405.5814771198465,491.80556955986543,44.422304299277414,57.67269266990615,144.52737552026645,195.26224811644315,204.34952014011276,255.90127011376288,344.44790953496073,355.32003035981415,405.71025891568,492.81136122216634,43.74459526895891,58.29277691801762,144.70077666869517,155.25832749923651,243.65982233598103,292.34553408791925,305.77901596069563,354.9135765059451,404.78425058226355,454.563321861813,43.99998211010867,93.40905557206251,144.48242367993927,194.33311543565895,244.35254655444055,258.12596763787764,345.19587637771974,355.1675164886939,441.58811823433047,455.90250683581314,504.76584573913533,58.01188558710531,143.37519255944895,155.2464595775757,244.13062176126613,254.63942689890484,304.6313850341292,356.40242151288527,404.54923361648196,492.79772914547823,45.24913603379469,94.94133390332028,107.8867016207222,155.74948441476005,206.48706296949115,294.30439421208064,344.4861186408826,393.9983961052376,442.49614241482254,456.52636489098916,505.19421084659837,57.585487527753415,105.26348622270353,154.64695496291068,242.42313468817574,255.60661622605872,305.9010116164288,355.47427528251643,406.0296793615164,455.4530640151868,44.86653441357431,94.79789633613886,107.66560468994832,195.4935026027362,244.6279643817839,255.2521462548586,344.0518014131203,355.3926260916004,443.9981922247338,492.70323560021603,45.44567188497351,58.28810449362632,104.48721291340004,156.09357111242286,204.82777182492595,293.6576265871548,305.3425339723767,394.9677335592844,405.1538947257368,492.319816373985,50.0,50.0,50.0,50.0,50.0,50.0,50.0,50.0,50.0,50.0,100.0,100.0,100.0,100.0,100.0,100.0,100.0,100.0,100.0,100.0,150.0,150.0,150.0,150.0,150.0,150.0,150.0,150.0,150.0,150.0,200.0,200.0,200.0,200.0,200.0,200.0,200.0,200.0,200.0,200.0,250.0,250.0,250.0,250.0,250.0,250.0,250.0,250.0,250.0,250.0,300.0,300.0,300.0,300.0,300.0,300.0,300.0,300.0,300.0,300.0,350.0,350.0,350.0,350.0,350.0,350.0,350.0,350.0,350.0,350.0,400.0,400.0,400.0,400.0,400.0,400.0,400.0,400.0,400.0,400.0,450.0,450.0,450.0,450.0,450.0,450.0,450.0,450.0,450.0,450.0,500.0,500.0,500.0,500.0,500.0,500.0,500.0,500.0,500.0,7999.0
504.5377584544346,57.734379677499554,104.8506340860445,194.53293875326736,245.65863184394985,294.65076852814224,344.95131467828367,394.64534019940504,404.6589235213999,492.8236543396659,45.11096960006072,95.65805426304817,144.12438619786153,195.1964861701823,206.98853069006395,255.45776476576964,344.4725816157146,353.9907778885572,405.09592156429096,492.111125115421,44.887859854832975,57.40713711435059,144.992931075822,195.8378036719987,203.7739645845572,255.37571455820733,344.9534650905163,354.8144748042586,405.13470336012443,493.0369167777219,44.23015082451447,58.00722136246207,145.27633222425072,154.68277194368096,244.2353778915366,292.6110896434748,305.31346040514006,354.33802095038953,404.278695026708,454.0377663062574,44.525537665664224,93.91461112761806,144.94797923549484,194.9086709912145,244.87810210999612,257.86041208232206,345.6614319332753,354.7019609331383,441.873673789886,455.3769512802576,504.2802901835798,57.72633003154976,143.9507481150045,154.67090402202015,244.5961773168217,254.17387134334928,304.0558294785736,355.9368659573297,404.0436780609264,493.0232847010338,45.77469158935025,95.40688945887584,107.62114606516666,155.2439288592045,206.02150741393558,294.87994976763616,344.99167419643817,394.46395166079316,442.7216979703781,456.0608093354336,504.7286552910428,57.33993197219786,104.73793066714798,154.12139940735514,242.6686902437313,255.08106067050318,305.4154560608732,354.89871972696085,405.4541238059608,454.9275084596312,45.37208996912987,95.37345189169442,107.40004913439277,196.06905815829177,245.20351993733945,254.67659069930303,344.6273569686758,354.8170705360448,444.4637477802894,492.9287911557716,45.97122744052906,57.982548938070764,103.91165735784449,155.5180155568673,204.36221626937038,294.1631821427104,304.8369784168212,395.5432891148399,404.5783391701812,492.56537192954056,50.0,50.0,50.0,50.0,50.0,50.0,50.0,50.0,50.0,50.0,100.0,100.0,100.0,100.0,100.0,100.0,100.0,100.0,100.0,100.0,150.0,150.0,150.0,150.0,150.0,150.0,150.0,150.0,150.0,150.0,200.0,200.0,200.0,200.0,200.0,200.0,200.0,200.0,200.0,200.0,250.0,250.0,250.0,250.0,250.0,250.0,250.0,250.0,250.0,250.0,300.0,300.0,300.0,300.0,300.0,300.0,300.0,300.0,300.0,300.0,350.0,350.0,350.0,350.0,350.0,350.0,350.0,350.0,350.0,350.0,400.0,400.0,400.0,400.0,400.0,400.0,400.0,400.0,400.0,400.0,450.0,450.0,450.0,450.0,450.0,450.0,450.0,450.0,450.0,450.0,500.0,500.0,500.0,500.0,500.0,500.0,500.0,500.0,500.0,8199.0
504.072202898879,57.468824121943996,104.38507853048894,195.1084943088229,246.2341873995054,295.22632408369776,345.4368702338392,395.1108957549606,404.19336796584435,493.02920989522147,45.57652515561628,96.03360981860372,144.69994175341708,195.64204172573787,206.7829751345084,254.95220921021408,344.95813717127015,353.59522233300163,404.6303660087354,492.39668067097654,45.33341541038853,57.161581558795035,145.43848663137757,196.41335922755425,203.19840902900165,254.87015900265177,345.43902064607187,354.3289192487031,404.55914780456885,493.2424723332775,44.69570638007003,57.74166580690651,145.8018877798063,154.15721638812542,244.81093344709214,292.85664519903037,304.86790484958453,353.76246539483395,403.88313947115245,453.62221075070187,45.031093221219784,94.40016668317361,145.3935347910504,195.48422654677006,245.38365766555168,257.6148565267665,346.01698748883086,354.2564053775828,442.1392293454416,454.87139572470204,503.90473462802424,57.4607744759942,144.47630367056007,154.1453484664646,245.04173287237725,253.81831578779372,303.6202739230181,355.4913104017742,403.64812250537085,493.22884025658936,46.190247144905804,95.85244501443138,107.3755905096111,154.75837330364894,205.57595185838002,295.40550532319173,345.4772297519937,394.90950721634874,442.9272535259337,455.61525377987806,504.28309973548727,57.11437641664231,104.23237511159242,153.70584385179959,242.89424579928686,254.57550511494762,304.94990050531766,354.32316417140527,404.87856825040524,454.4219529040757,45.857645524685424,95.94900744724997,107.15449357883722,196.64461371384732,245.779075492895,254.10103514374748,345.1529125242314,354.29151498048924,444.909303335845,493.13434671132717,46.38678299608462,57.69699338251521,103.47610180228894,154.94246000131176,204.00666071381482,294.64873769826596,304.35142286126563,396.11884467039545,404.0027836146256,492.7909274850961,50.0,50.0,50.0,50.0,50.0,50.0,50.0,50.0,50.0,50.0,100.0,100.0,100.0,100.0,100.0,100.0,100.0,100.0,100.0,100.0,150.0,150.0,150.0,150.0,150.0,150.0,150.0,150.0,150.0,150.0,200.0,200.0,200.0,200.0,200.0,200.0,200.0,200.0,200.0,200.0,250.0,250.0,250.0,250.0,250.0,250.0,250.0,250.0,250.0,250.0,300.0,300.0,300.0,300.0,300.0,300.0,300.0,300.0,300.0,300.0,350.0,350.0,350.0,350.0,350.0,350.0,350.0,350.0,350.0,350.0,400.0,400.0,400.0,400.0,400.0,400.0,400.0,400.0,400.0,400.0,450.0,450.0,450.0,450.0,450.0,450.0,450.0,450.0,450.0,450.0,500.0,500.0,500.0,500.0,500.0,500.0,500.0,500.0,500.0,8399.0
503.7166473433235,57.22326856638844,104.02952297493339,195.68404986437847,246.80974295506095,295.8018796392533,345.9024257893948,395.5564513105162,403.8378124102888,493.214765450777,45.932080711171835,96.32916537415927,145.27549730897263,195.97759728129344,206.59741957895284,254.46665365465853,345.4236927268257,353.2796667774461,404.18481045317986,492.6622362265321,45.75897096594409,56.93602600323948,145.86404218693315,196.9889147831098,202.6228534734461,254.38460344709623,345.90457620162744,353.95336369314754,403.98359224901327,493.428027888833,45.141261935625586,57.496110251350956,146.21744333536185,153.74166083256986,245.3864890026477,293.0822007545859,304.442349294029,353.18690983927837,403.5675839155969,453.2866551951463,45.51664877677534,94.86572223872916,145.81909034660598,196.0597821023256,245.86921322110726,257.38930097121096,346.2925430443864,353.9208498220272,442.38478490099715,454.3858401691465,503.6091790724687,57.215218920438645,144.98185922611563,153.72979291090905,245.46728842793283,253.54276023223818,303.26471836746254,355.0657548462186,403.3325669498153,493.4143958121449,46.52580270046136,96.18800056998693,107.15003495405554,154.29281774809337,205.15039630282448,295.9110608787473,345.9427853075493,395.3350627719043,443.1128090814892,455.1896982243225,503.9475441799317,56.90882086108675,103.83681955603686,153.37028829624404,243.09980135484244,254.08994955939207,304.5043449497621,353.7476086158497,404.30301269484966,454.0263973485201,46.23320108024098,96.52456300280552,106.92893802328166,197.22016926940287,246.35463104845056,253.52547958819193,345.658468079787,353.8759594249337,445.33485889140053,493.3199022668827,46.72233855164018,57.43143782695965,103.12054624673338,154.3669044457562,203.73110515825928,295.11429325382153,303.9758673057101,396.694400225951,403.42722805907005,492.9964830406517,50.0,50.0,50.0,50.0,50.0,50.0,50.0,50.0,50.0,50.0,100.0,100.0,100.0,100.0,100.0,100.0,100.0,100.0,100.0,100.0,150.0,150.0,150.0,150.0,150.0,150.0,150.0,150.0,150.0,150.0,200.0,200.0,200.0,200.0,200.0,200.0,200.0,200.0,200.0,200.0,250.0,250.0,250.0,250.0,250.0,250.0,250.0,250.0,250.0,250.0,300.0,300.0,300.0,300.0,300.0,300.0,300.0,300.0,300.0,300.0,350.0,350.0,350.0,350.0,350.0,350.0,350.0,350.0,350.0,350.0,400.0,400.0,400.0,400.0,400.0,400.0,400.0,400.0,400.0,400.0,450.0,450.0,450.0,450.0,450.0,450.0,450.0,450.0,450.0,450.0,500.0,500.0,500.0,500.0,500.0,500.0,500.0,500.0,500.0,8599.0
503.4410917877679,56.99771301083289,103.75396741937783,196.25960541993402,247.3852985106165,296.3774351948088,346.25798134495034,395.8920068660717,403.5622568547332,493.38032100633257,46.20763626672739,96.54472092971483,145.85105286452819,196.233152836849,206.43186402339728,254.09109809910296,345.8692482823813,353.04411122189055,403.8492548976243,492.90779178208766,46.07452652149964,56.73047044768393,146.1795977424887,197.56447033866536,202.04729791789055,254.00904789154066,346.260131757183,353.657808137592,403.4080366934577,493.59358344438857,45.56681749118114,57.270554695795404,146.55299889091742,153.40610527701432,245.96204455820325,293.2877563101415,304.12679373847345,352.6113542837228,403.33202836004136,453.03109963959076,45.8922043323309,95.3112777942847,146.13464590216154,196.63533765788117,246.24476877666282,257.1837454156554,346.4880985999419,353.6652942664717,442.6103404565527,454.01028461359095,503.3936235169131,56.98966336488309,145.4674147816712,153.3942373553535,245.7828439834884,253.34720467668262,302.98916281190697,354.66019929066306,403.09701139425977,493.57995136770046,46.78135825601692,96.44355612554247,106.9444793985,153.93726219253782,204.7448407472689,296.30661643430284,346.29834086310484,395.74061832745986,443.2783646370448,454.78414266876695,503.69198862437617,56.7232653055312,103.5212640004813,153.11473274068848,243.285356910398,253.7143940038365,304.16878939420656,353.1720530602941,403.7274571392941,453.7108417929646,46.52875663579654,97.10011855836107,106.72338246772611,197.79572482495843,246.9301866040061,252.94992403263637,346.0540236353425,353.5404038693781,445.7404144469561,493.48545782243826,46.97789410719573,57.1858822714041,102.84499069117783,153.79134889020065,203.53554960270372,295.5598488093771,303.68031175015454,397.2699557815065,402.85167250351446,493.18203859620724,50.0,50.0,50.0,50.0,50.0,50.0,50.0,50.0,50.0,50.0,100.0,100.0,100.0,100.0,100.0,100.0,100.0,100.0,100.0,100.0,150.0,150.0,150.0,150.0,150.0,150.0,150.0,150.0,150.0,150.0,200.0,200.0,200.0,200.0,200.0,200.0,200.0,200.0,200.0,200.0,250.0,250.0,250.0,250.0,250.0,250.0,250.0,250.0,250.0,250.0,300.0,300.0,300.0,300.0,300.0,300.0,300.0,300.0,300.0,300.0,350.0,350.0,350.0,350.0,350.0,350.0,350.0,350.0,350.0,350.0,400.0,400.0,400.0,400.0,400.0,400.0,400.0,400.0,400.0,400.0,450.0,450.0,450.0,450.0,450.0,450.0,450.0,450.0,450.0,450.0,500.0,500.0,500.0,500.0,500.0,500.0,500.0,500.0,500.0,8799.0
503.2455362322124,56.792157455277334,103.55841186382227,196.83516097548957,247.96085406617206,296.95299075036434,346.53353690050585,396.14756242162724,403.3667012991777,493.52587656188814,46.40319182228295,96.68027648527038,146.42660842008374,196.40870839240458,206.28630846784174,253.7955425435474,346.2048038379368,352.888555666335,403.59369934206876,493.1333473376432,46.3100820770552,56.544914892128375,146.41515329804426,198.1400258942209,201.471742362335,253.7134923359851,346.5356873127385,353.4422525820364,402.8324811379021,493.73913899994415,45.882373046736696,57.06499914023985,146.80855444647298,153.15054972145876,246.5376001137588,293.47331186569704,303.8912381829179,352.0357987281672,403.1764728044858,452.8555440840352,46.18775988788646,95.73683334984025,146.3702014577171,197.21089321343672,246.54032433221838,256.99818986009984,346.60365415549745,353.48973871091613,442.8158960121083,453.7147290580354,503.25806796135754,56.78410780932754,145.93297033722678,153.13868179979795,246.01839953904394,253.23164912112708,302.79360725635144,354.2746437351075,402.9414558387042,493.72550692325603,46.95691381157248,96.61911168109802,106.75892384294444,153.66170663698227,204.35928519171335,296.6221719898584,346.57389641866035,396.0361738830154,443.42392019260035,454.3985871132114,503.5164330688206,56.55770974997564,103.28570844492575,152.93917718513293,243.45091246595356,253.41883844828095,303.913233838651,352.5964975047385,403.1519015837385,453.475286237409,46.744312191352094,97.67567411391663,106.53782691217056,198.37128038051398,247.50574215956166,252.37436847708082,346.36957919089804,353.2848483138226,446.03597000251165,493.63101337799384,47.153449662751285,56.960326715848545,102.64943513562227,153.2157933346451,203.41999404714818,295.89540436493263,303.464756194599,397.845511337062,402.2761169479589,493.3475941517628,50.0,50.0,50.0,50.0,50.0,50.0,50.0,50.0,50.0,50.0,100.0,100.0,100.0,100.0,100.0,100.0,100.0,100.0,100.0,100.0,150.0,150.0,150.0,150.0,150.0,150.0,150.0,150.0,150.0,150.0,200.0,200.0,200.0,200.0,200.0,200.0,200.0,200.0,200.0,200.0,250.0,250.0,250.0,250.0,250.0,250.0,250.0,250.0,250.0,250.0,300.0,300.0,300.0,300.0,300.0,300.0,300.0,300.0,300.0,300.0,350.0,350.0,350.0,350.0,350.0,350.0,350.0,350.0,350.0,350.0,400.0,400.0,400.0,400.0,400.0,400.0,400.0,400.0,400.0,400.0,450.0,450.0,450.0,450.0,450.0,450.0,450.0,450.0,450.0,450.0,500.0,500.0,500.0,500.0,500.0,500.0,500.0,500.0,500.0,8999.0
503.1299806766568,56.60660189972178,103.44285630826671,197.41071653104513,248.5364096217276,297.52854630591986,346.7290924560614,396.3231179771828,403.25114574362215,493.6514321174437,46.51874737783851,96.73583204082593,147.0021639756393,196.50426394796014,206.16075291228617,253.57998698799184,346.46035939349235,352.8130001107794,403.4181437865132,493.3389028931988,46.46563763261076,56.37935933657282,146.57070885359983,198.71558144977647,200.89618680677944,253.49793678042954,346.73124286829403,353.30669702648083,402.2569255823465,493.8646945554997,46.11792860229225,56.879443584684296,146.98411000202856,152.9749941659032,247.11315566931435,293.6388674212526,303.73568262736234,351.4602431726116,403.1009172489302,452.75998852847965,46.40331544344201,96.0523889053958,146.52575701327265,197.78644876899227,246.75587988777394,256.8326343045443,346.639209711053,353.39418315536057,443.0014515676638,453.49917350247983,503.202512405802,56.598552253771985,146.28852589278233,152.9631262442424,246.1739550945995,253.19609356557152,302.7980517007959,353.9990881795519,402.8659002831486,493.85106247881157,47.05246936712803,96.71466723665357,106.59336828738888,153.46615108142672,204.0837296361578,296.8577275454139,346.7694519742159,396.2517294385709,443.5494757481559,454.12303155765585,503.42087751326505,56.41215419442009,103.1301528893702,152.84362162957737,243.59646802150914,253.20328289272538,303.7376782830955,352.02094194918294,402.5763460281829,453.31973068185346,46.87986774690765,98.25122966947218,106.372271356615,198.94683593606953,248.08129771511722,251.79881292152527,346.6051347464536,353.10929275826703,446.25152555806716,493.7565689335494,47.24900521830684,56.75477116029299,102.65387958006671,152.64023777908955,203.38443849159262,296.15095992048816,303.3292006390434,398.42106689261755,401.7005613924033,493.49314970731837,50.0,50.0,50.0,50.0,50.0,50.0,50.0,50.0,50.0,50.0,100.0,100.0,100.0,100.0,100.0,100.0,100.0,100.0,100.0,100.0,150.0,150.0,150.0,150.0,150.0,150.0,150.0,150.0,150.0,150.0,200.0,200.0,200.0,200.0,200.0,200.0,200.0,200.0,200.0,200.0,250.0,250.0,250.0,250.0,250.0,250.0,250.0,250.0,250.0,250.0,300.0,300.0,300.0,300.0,300.0,300.0,300.0,300.0,300.0,300.0,350.0,350.0,350.0,350.0,350.0,350.0,350.0,350.0,350.0,350.0,400.0,400.0,400.0,400.0,400.0,400.0,400.0,400.0,400.0,400.0,450.0,450.0,450.0,450.0,450.0,450.0,450.0,450.0,450.0,450.0,500.0,500.0,500.0,500.0,500.0,500.0,500.0,500.0,500.0,9199.0
503.09442512110127,56.441046344166224,103.40730075271115,197.98627208660068,249.11196517728317,298.1041018614754,346.8446480116169,396.41867353273835,403.2155901880666,493.75698767299923,46.55430293339406,96.71138759638147,147.57771953119484,196.5198195035157,206.05519735673062,253.4444314324363,346.6359149490479,352.8930001107794,403.32258823095765,493.52445844875433,46.54119318816631,56.233803781017265,146.64626440915538,199.29113700533202,200.3206312512239,253.36238122487399,346.8467984238496,353.2511414709253,401.68137002679094,493.97025011105524,46.27348415784781,56.71388802912874,147.07966555758412,152.87943861034765,247.6887112248699,293.7844229768082,303.66012707180676,350.88468761705604,403.1053616933747,452.83998852847964,46.53887099899757,96.28794446095135,146.6013125688282,198.36200432454783,246.8914354433295,256.6870787489887,346.599209711053,353.378627599805,443.1670071232194,453.36361794692425,503.22695685024644,56.43299669821643,146.5640814483379,152.86757068868684,246.24951065015506,253.2360935655715,302.8780517007959,353.8035326239964,402.9459002831486,493.9566180343671,47.06802492268359,96.73022279220912,106.44781273183332,153.35059552587117,203.88817408060225,297.01328310096943,346.8850075297714,396.38728499412645,443.65503130371144,453.9274760021003,503.4053219577095,56.28659863886453,103.05459733381464,152.92362162957738,243.7220235770647,253.06772733716983,303.6421227275399,351.44538639362736,402.00079047262733,453.2441751262979,46.93542330246321,98.82678522502773,106.22671580105944,199.5223914916251,248.65685327067277,251.22325736596972,346.7606903020091,353.01373720271147,446.3870811136227,493.86212448910493,47.16900521830684,56.56921560473744,102.73387958006671,152.064682223534,203.4244384915926,296.3265154760437,303.27364508348785,398.99662244817307,401.1250058368477,493.6187052628739,50.0,50.0,50.0,50.0,50.0,50.0,50.0,50.0,50.0,50.0,100.0,100.0,100.0,100.0,100.0,100.0,100.0,100.0,100.0,100.0,150.0,150.0,150.0,150.0,150.0,150.0,150.0,150.0,150.0,150.0,200.0,200.0,200.0,200.0,200.0,200.0,200.0,200.0,200.0,200.0,250.0,250.0,250.0,250.0,250.0,250.0,250.0,250.0,250.0,250.0,300.0,300.0,300.0,300.0,300.0,300.0,300.0,300.0,300.0,300.0,350.0,350.0,350.0,350.0,350.0,350.0,350.0,350.0,350.0,350.0,400.0,400.0,400.0,400.0,400.0,400.0,400.0,400.0,400.0,400.0,450.0,450.0,450.0,450.0,450.0,450.0,450.0,450.0,450.0,450.0,500.0,500.0,500.0,500.0,500.0,500.0,500.0,500.0,500.0,9399.0
503.1344251211013,56.29549078861067,103.44730075271116,198.56182764215623,249.68752073283872,298.6796574170309,346.8802035671725,396.4342290882939,403.2555901880666,493.8425432285548,46.51430293339406,96.67138759638146,148.1532750867504,196.4798195035157,205.96964180117507,253.38887587688075,346.73147050460346,352.97300011077937,403.30703267540207,493.6900140043099,46.536748743721866,56.10824822546171,146.64181996471095,199.86669256088757,201.0,253.30682566931844,346.88235397940514,353.27558591536973,401.10581447123536,494.0558056666108,46.349039713403364,56.568332473573186,147.09522111313967,152.95943861034766,248.26426678042546,293.9099785323637,303.6645715162512,350.30913206150046,403.1453616933747,452.9199885284796,46.594426554553124,96.4435000165069,146.59686812438378,198.93755988010338,246.94699099888507,256.5615231934332,346.559209711053,353.418627599805,443.31256267877495,453.3080623913687,503.26695685024646,56.287441142660875,146.75963700389346,152.94757068868685,246.24506620571063,253.2760935655715,302.95805170079586,353.68797706844083,403.0259002831486,494.0421735899227,46.98802492268359,96.69022279220911,106.32225717627777,153.3150399703156,203.7726185250467,297.08883865652496,346.920563085327,396.442840549682,443.740586859267,453.8119204465448,503.4453219577095,56.18104308330898,103.05904177825909,153.0036216295774,243.82757913262026,253.01217178161428,303.62656717198433,350.8698308380718,401.42523491707175,453.24861957074233,46.910978858018765,99.40234078058329,106.10116024550389,200.0,249.23240882622832,250.64770181041416,346.8362458575646,352.9981816471559,446.4426366691782,493.9476800446605,47.089005218306845,56.40366004918188,102.81387958006671,151.48912666797844,203.4644384915926,296.4220710315993,303.2980895279323,399.5721780037286,400.54945028129214,493.72426081842946,50.0,50.0,50.0,50.0,50.0,50.0,50.0,50.0,50.0,50.0,100.0,100.0,100.0,100.0,100.0,100.0,100.0,100.0,100.0,100.0,150.0,150.0,150.0,150.0,150.0,150.0,150.0,150.0,150.0,150.0,200.0,200.0,200.0,200.0,200.0,200.0,200.0,200.0,200.0,200.0,250.0,250.0,250.0,250.0,250.0,250.0,250.0,250.0,250.0,250.0,300.0,300.0,300.0,300.0,300.0,300.0,300.0,300.0,300.0,300.0,350.0,350.0,350.0,350.0,350.0,350.0,350.0,350.0,350.0,350.0,400.0,400.0,400.0,400.0,400.0,400.0,400.0,400.0,400.0,400.0,450.0,450.0,450.0,450.0,450.0,450.0,450.0,450.0,450.0,450.0,500.0,500.0,500.0,500.0,500.0,500.0,500.0,500.0,500.0,9599.0
503.1744251211013,56.169935233055114,103.48730075271116,199.13738319771178,250.26307628839427,299.25521297258643,346.84020356717247,396.39422908829386,403.2955901880666,493.9080987841104,46.474302933394064,96.63138759638146,148.72883064230595,196.4398195035157,205.9040862456195,253.4133203213252,346.747026060159,353.05300011077935,403.3470326754021,493.83556955986546,46.49674874372187,56.00269266990615,146.60181996471096,200.44224811644312,201.0,253.33127011376288,346.8423539794051,353.31558591536975,400.5302589156798,494.1213612221664,46.34459526895892,56.44277691801763,147.01522111313966,153.03943861034767,248.839822335981,294.01553408791926,303.70457151625124,349.7335765059449,403.1853616933747,452.9999885284796,46.56998211010868,96.51905557206246,146.55686812438378,199.51311543565893,246.92254655444063,256.4559676378776,346.51920971105295,353.458627599805,443.4381182343305,453.33250683581315,503.3069568502465,56.16188558710532,146.87519255944903,153.02757068868686,246.20506620571064,253.3160935655715,303.03805170079585,353.65242151288527,403.10590028314857,494.1077291454783,46.908024922683595,96.6502227922091,106.21670162072222,153.3550399703156,203.73706296949115,297.008838656525,346.88056308532697,396.41839610523755,443.8061424148226,453.7763648909892,503.4853219577095,56.09548752775342,103.09904177825909,153.0836216295774,243.91313468817583,253.03661622605873,303.66656717198435,350.2942752825162,400.84967936151617,453.28861957074236,46.870978858018766,99.97789633613884,105.99560468994834,200.0,249.80796438178388,250.0721462548586,346.83180141312016,353.0381816471559,446.4181922247338,494.0132356002161,47.00900521830685,56.25810449362633,102.89387958006671,150.9135711124229,203.5044384915926,296.4376265871548,303.3380895279323,400.1477335592841,399.97389472573656,493.80981637398503,50.0,50.0,50.0,50.0,50.0,50.0,50.0,50.0,50.0,50.0,100.0,100.0,100.0,100.0,100.0,100.0,100.0,100.0,100.0,100.0,150.0,150.0,151.0,150.0,150.0,150.0,150.0,150.0,150.0,150.0,200.0,200.0,199.58,200.0,200.0,200.0,200.0,200.0,200.0,200.0,250.0,250.0,250.0,250.0,250.0,250.0,250.0,250.0,250.0,250.0,300.0,300.0,300.0,300.0,300.0,300.0,300.0,300.0,300.0,300.0,350.0,350.0,350.0,350.0,350.41999999999996,350.0,350.41999999999996,350.0,350.0,350.0,400.0,400.0,400.0,400.0,400.0,400.0,400.0,400.0,400.0,400.0,450.0,450.41999999999996,450.0,450.0,450.0,450.0,450.0,450.0,450.0,449.58,500.0,500.0,500.0,500.0,500.0,500.0,500.0,500.0,500.0,9799.0
503.2144251211013,56.06437967749956,103.52730075271117,199.71293875326734,250.83863184394983,299.83076852814196,346.80020356717245,396.35422908829383,403.33559018806665,493.95365433966595,46.434302933394065,96.59138759638145,149.3043861978615,196.39981950351572,205.85853069006396,253.45332032132518,346.70702606015897,353.13300011077934,403.3870326754021,493.961125115421,46.45674874372187,55.917137114350595,146.66181996471096,201.01780367199868,201.0,253.37127011376288,346.8023539794051,353.3555859153698,399.9547033601242,494.16691677772195,46.30459526895892,56.337221362462074,146.93522111313965,153.1194386103477,249.41537789153656,294.10108964347484,303.74457151625126,349.1580209503893,403.22536169337474,453.0799885284796,46.52998211010868,96.51461112761801,146.5168681243838,200.0,246.88254655444064,256.37041208232205,346.47920971105293,353.49862759980505,443.54367378988604,453.37250683581317,503.3469568502465,56.05633003154976,146.9107481150046,153.10757068868688,246.26506620571064,253.2560935655715,303.11805170079583,353.51686595732974,403.1459002831486,494.15328470103384,46.868024922683595,96.6102227922091,106.13114606516666,153.3950399703156,203.77706296949114,296.928838656525,346.84056308532695,396.4939516607931,443.85169797037815,453.81636489098923,503.4253219577095,56.029931972197865,103.1390417782591,153.1236216295774,243.9786902437314,253.07661622605872,303.7065671719844,349.7187197269606,400.2741238059606,453.3286195707424,46.83097885801877,100.0,105.91004913439278,200.0,250.0,249.49659069930306,346.79180141312014,353.1181816471559,446.4937477802893,494.05879115577164,46.92900521830685,56.13254893807077,102.97387958006671,150.33801555686733,203.5444384915926,296.3976265871548,303.37808952793233,400.72328911483964,399.398339170181,493.8753719295406,50.0,50.42,50.0,50.0,50.0,50.0,50.0,50.0,50.0,50.0,99.58,100.0,100.0,100.0,100.0,100.0,100.0,100.42,100.0,100.0,150.0,150.0,151.0,150.0,150.0,150.0,150.0,150.0,150.0,150.0,200.0,200.0,199.12,200.42000000000002,200.0,200.0,200.0,200.0,200.42000000000002,200.0,250.0,250.0,250.0,250.0,250.0,250.0,250.0,249.58,250.0,250.0,300.0,300.0,300.0,300.0,300.0,300.0,300.0,301.0,300.0,300.0,350.0,350.0,350.0,350.0,350.87999999999994,350.0,350.87999999999994,350.0,350.0,350.0,400.0,400.0,400.0,400.0,400.0,400.0,400.0,400.0,400.0,400.0,450.0,450.87999999999994,450.0,450.0,450.0,450.0,450.0,450.0,450.0,449.12,500.0,500.0,500.0,500.0,500.0,500.0,500.0,500.0,500.41999999999996,9999.0
503.1544251211013,55.978824121944,103.12730075271116,200.2884943088229,251.41418739950538,300.0,346.7602035671724,396.3142290882938,403.37559018806667,493.9792098952215,46.83430293339406,96.55138759638145,149.87994175341706,196.35981950351572,205.83297513450842,253.49332032132517,346.66702606015895,353.17300011077936,403.42703267540213,494.06668067097655,46.41674874372187,55.85158155879504,146.76181996471098,201.59335922755423,201.0,253.41127011376287,346.7623539794051,353.3955859153698,399.3791478045686,494.1924723332775,46.36459526895892,56.251665806906516,146.85522111313963,153.15943861034768,249.99093344709212,294.1666451990304,303.7845715162513,348.5824653948337,403.26536169337476,453.1599885284796,46.489982110108684,96.474611127618,146.4768681243838,200.0,246.84254655444064,256.3048565267665,346.4392097110529,353.53862759980507,443.6292293454416,453.4125068358132,503.2869568502465,55.970774475994205,146.8707481150046,153.14757068868687,246.36506620571066,253.1560935655715,303.15805170079585,353.3413104017742,403.1859002831486,494.1788402565894,46.828024922683596,96.6702227922091,106.0655905096111,153.4350399703156,203.81706296949113,296.848838656525,346.8005630853269,396.6095072163486,443.8772535259337,453.85636489098925,503.3253219577095,55.98437641664231,103.1790417782591,153.1636216295774,244.02424579928694,253.1166162260587,303.7465671719844,349.14316417140503,401.0,453.3686195707424,46.79097885801877,100.0,105.84449357883722,200.0,250.0,248.9210351437475,346.7518014131201,353.1581816471559,446.60930333584486,494.4587911557716,46.84900521830685,56.026993382515215,103.0538795800667,149.76246000131178,203.58443849159258,296.35762658715475,303.41808952793235,401.29884467039517,398.8227836146254,493.9209274850962,50.0,50.88,50.0,50.0,50.0,50.0,50.0,50.0,51.0,50.0,99.12,100.0,101.0,100.0,100.0,100.0,100.42,100.88,100.0,100.0,150.42000000000002,150.0,151.0,150.0,150.0,150.0,150.0,150.0,150.0,150.0,200.0,200.0,198.62,200.88000000000002,200.0,200.0,200.0,200.0,200.88000000000002,200.0,250.0,250.0,250.0,250.0,250.0,250.0,250.0,249.12,250.0,250.0,300.41999999999996,300.0,300.0,300.0,300.0,300.0,300.0,301.0,300.0,300.0,350.41999999999996,350.0,350.0,350.0,351.37999999999994,350.0,351.37999999999994,349.58,350.0,350.0,400.41999999999996,400.0,400.0,400.0,400.0,400.0,400.0,400.0,400.41999999999996,400.0,450.0,451.37999999999994,450.0,450.0,450.0,450.0,450.0,450.0,450.0,448.62,500.0,500.0,500.0,500.0,500.0,500.0,500.0,500.0,500.87999999999994,10199.0
503.0544251211013,55.913268566388446,102.72730075271116,200.86404986437844,251.98974295506093,300.0,347.1602035671724,396.7142290882938,403.31559018806666,493.9847654507771,47.23430293339406,96.51138759638144,150.0,196.41981950351573,205.82741957895286,253.53332032132516,346.72702606015895,353.11300011077935,403.46703267540215,494.1522362265321,46.47674874372187,55.80602600323949,146.901819964711,202.16891478310978,201.0,253.45127011376286,346.72235397940506,353.4355859153698,398.80359224901304,494.1980278888331,46.464595268958924,56.18611025135096,146.81522111313964,153.19943861034767,250.56648900264767,294.212200754586,303.7245715162513,348.00690983927814,403.20536169337475,453.1999885284796,46.449982110108685,96.534611127618,146.4368681243838,200.0,246.80254655444065,256.25930097121096,346.8392097110529,353.47862759980507,443.6947849009972,453.4525068358132,503.1869568502465,55.90521892043865,146.8307481150046,153.18757068868686,246.50506620571068,253.0160935655715,303.1980517007959,353.1257548462186,403.1259002831486,494.184395812145,46.7880249226836,96.7702227922091,106.02003495405555,153.47503997031558,203.85706296949112,296.808838656525,346.86056308532693,396.7650627719041,443.8828090814893,453.79636489098925,503.1853219577095,55.95882086108676,103.21904177825911,153.20362162957738,244.04980135484251,253.1566162260587,303.7865671719844,348.56760861584945,401.0,453.4086195707424,46.85097885801877,100.42,105.70893802328166,200.0,250.0,248.34547958819195,346.7118014131201,353.19818164715593,446.7648588914004,494.9187911557716,46.80900521830685,55.94143782695966,103.1338795800667,149.18690444575623,203.52443849159258,296.41762658715476,303.35808952793235,401.8744002259507,398.2472280590698,493.94648304065174,50.0,51.38,50.0,50.0,50.0,50.42,50.42,50.0,51.0,50.0,98.62,100.0,101.0,100.0,100.0,100.0,100.88,101.38,99.58,100.0,150.88000000000002,150.0,151.0,150.0,150.0,150.0,150.0,150.0,149.58,150.0,200.0,200.0,198.08,201.38000000000002,200.42000000000002,200.0,200.0,200.0,201.38000000000002,200.0,250.42000000000002,250.0,250.42000000000002,250.0,250.0,250.0,250.0,248.62,251.0,250.0,300.87999999999994,300.0,300.0,300.0,300.0,300.0,300.0,301.0,300.0,299.58,350.87999999999994,350.0,350.0,350.41999999999996,351.9199999999999,350.0,351.9199999999999,349.12,350.0,350.0,400.87999999999994,400.0,400.0,400.0,399.58,400.0,400.0,400.0,400.87999999999994,399.58,450.0,451.9199999999999,450.0,450.0,450.0,450.0,450.0,450.0,450.0,448.08,500.0,500.0,500.0,500.0,500.0,500.0,500.0,500.0,501.37999999999994,10399.0
502.9144251211013,55.867713010832894,102.32730075271115,201.439605419934,252.5652985106165,300.0,347.5602035671724,397.11422908829377,403.21559018806664,493.9747654507771,47.63430293339406,96.47138759638143,150.0,196.51981950351575,205.83741957895285,253.47332032132516,346.8270260601589,353.01300011077933,403.40703267540215,494.2177917820877,46.57674874372187,55.78047044768393,147.081819964711,202.74447033866534,201.0,253.39127011376286,346.78235397940506,353.3755859153698,398.22803669345745,494.1880278888331,46.604595268958924,56.14055469579541,146.77522111313965,153.23943861034766,251.14204455820322,294.23775631014155,303.62457151625125,347.43135428372256,403.10536169337473,453.1399885284796,46.50998211010869,96.634611127618,146.4968681243838,200.0,246.86254655444066,256.2337454156554,347.23920971105287,353.37862759980504,443.74034045655276,453.49250683581323,503.0469568502465,55.8596633648831,146.79074811500462,153.22757068868685,246.68506620571068,252.8360935655715,303.2380517007959,352.8701992906631,403.0259002831486,494.174395812145,47.188024922683596,96.9102227922091,105.99447939849999,153.41503997031558,203.89706296949112,296.76883865652496,346.9605630853269,396.96061832745966,443.8728090814893,453.69636489098923,503.0053219577095,55.953265305531204,103.15904177825911,153.14362162957738,244.05535691039807,253.0966162260587,303.82656717198444,347.99205306029387,401.0,453.3486195707424,46.95097885801877,100.88,105.6233824677261,200.0,250.0,247.7699240326364,346.6718014131201,353.23818164715595,446.96041444695595,495.4187911557716,46.76900521830685,55.8758822714041,103.17387958006671,148.61134889020067,203.42443849159258,296.5176265871547,303.2580895279323,402.4499557815062,397.67167250351423,493.95203859620733,50.0,51.92000000000001,50.0,50.0,50.0,50.88,50.88,50.0,51.0,50.0,98.08,100.0,101.0,100.0,100.0,100.0,101.38,101.91999999999999,99.12,101.0,151.38000000000002,150.0,151.0,150.0,150.0,150.0,150.0,150.0,149.12,150.0,200.0,200.0,197.50444444444446,201.92000000000004,200.88000000000002,200.0,200.0,200.0,201.92000000000004,200.0,250.88000000000002,250.0,250.88000000000002,250.0,250.0,250.0,250.0,248.08,251.0,250.0,301.37999999999994,300.0,300.0,300.0,300.0,300.0,300.41999999999996,301.0,300.0,299.12,351.37999999999994,350.0,350.0,350.87999999999994,352.4955555555554,350.0,352.4955555555554,348.62,350.41999999999996,350.0,401.37999999999994,400.0,400.0,400.0,399.12,400.0,400.0,400.0,401.37999999999994,399.12,450.41999999999996,452.4955555555554,450.41999999999996,450.0,450.0,450.41999999999996,450.0,450.0,450.0,447.5044444444444,500.0,500.0,500.0,500.0,500.0,500.0,500.0,500.0,501.9199999999999,10599.0
502.7344251211013,55.84215745527734,101.92730075271115,202.01516097548955,253.14085406617204,300.0,347.96020356717236,397.51422908829375,403.07559018806666,493.9647654507771,48.03430293339406,96.43138759638143,150.0,196.65981950351576,205.84741957895284,253.37332032132517,346.9670260601589,352.87300011077934,403.3070326754021,494.26334733764327,46.71674874372187,55.77491489212838,147.301819964711,203.3200258942209,201.0,253.29127011376286,346.882353979405,353.2755859153698,397.6524811379019,494.1780278888331,46.784595268958924,56.11499914023985,146.83522111313965,153.17943861034766,251.71760011375878,294.24331186569714,303.48457151625126,346.855798728167,402.96536169337475,453.03998852847957,46.60998211010869,96.774611127618,146.59686812438383,200.0,246.96254655444068,256.22818986009986,347.63920971105284,353.23862759980506,443.7658960121083,453.43250683581323,502.8669568502465,55.83410780932754,146.85074811500462,153.16757068868685,246.90506620571068,252.6160935655715,303.1780517007959,352.57464373510754,402.8859002831486,494.164395812145,47.588024922683594,97.09022279220909,105.98892384294443,153.31503997031558,203.83706296949111,297.16883865652494,347.1005630853269,397.1961738830152,443.86280908148933,453.55636489098924,502.78532195770947,55.9632653055312,103.05904177825911,153.0436216295774,244.04535691039808,252.9966162260587,303.76656717198443,347.4164975047383,401.0,453.2486195707424,47.09097885801877,101.38,105.55782691217054,200.0,250.0,247.19436847708084,347.07180141312006,353.17818164715595,447.1959700025115,495.95879115577156,46.829005218306854,55.83032671584855,102.7738795800667,148.03579333464512,203.2844384915926,296.6576265871547,303.11808952793234,403.02551133706174,397.09611694795865,493.94203859620734,50.0,52.49555555555557,50.0,50.0,50.0,51.38,51.38,50.0,51.0,50.0,97.50444444444445,100.0,101.0,100.0,100.0,100.0,101.91999999999999,102.49555555555554,98.62,101.0,151.92000000000004,150.0,151.0,150.0,150.0,150.0,150.0,150.0,148.62,150.0,200.0,200.0,196.9288888888889,202.4955555555556,201.38000000000002,200.0,200.0,200.0,202.4955555555556,200.0,251.38000000000002,250.0,251.38000000000002,250.0,250.0,250.0,250.0,247.50444444444446,251.0,250.0,301.9199999999999,300.0,300.0,300.0,300.0,300.0,300.87999999999994,301.0,300.0,298.62,351.9199999999999,350.0,350.0,351.37999999999994,353.07111111111095,350.0,353.07111111111095,348.08,350.87999999999994,350.0,401.9199999999999,400.0,400.0,400.0,398.62,400.0,400.0,400.0,401.9199999999999,398.62,450.87999999999994,453.07111111111095,450.87999999999994,450.0,450.0,450.87999999999994,450.0,450.0,450.0,446.9288888888888,500.0,500.0,500.0,500.0,500.0,500.0,500.0,500.0,502.4955555555554,10799.0
502.5144251211013,55.836601899721785,101.52730075271114,202.5907165310451,253.7164096217276,300.0,348.36020356717233,397.9142290882937,402.89559018806665,493.95476545077713,48.43430293339406,96.39138759638142,150.0,196.83981950351577,205.85741957895283,253.23332032132518,347.1470260601589,352.69300011077934,403.16703267540214,494.28890289319884,46.89674874372187,55.78491489212838,147.56181996471102,203.89558144977644,201.0,253.15127011376288,347.022353979405,353.1355859153698,397.0769255823463,494.16802788883314,47.00459526895893,56.1094435846843,146.93522111313968,153.07943861034767,252.29315566931433,294.23331186569715,303.30457151625126,346.2802431726114,402.78536169337474,452.8999885284796,46.74998211010869,96.954611127618,146.73686812438385,200.0,247.1025465544407,256.23818986009985,348.0392097110528,353.05862759980505,443.7714515676639,453.3325068358132,502.64695685024645,55.82855225377199,146.95074811500464,153.06757068868686,247.1650662057107,252.3560935655715,303.07805170079587,352.23908817955197,402.7059002831486,494.154395812145,47.98802492268359,97.31022279220909,105.99892384294444,153.1750399703156,203.73706296949112,297.5688386565249,347.2805630853269,397.4717294385707,443.85280908148934,453.37636489098924,502.5253219577095,55.9732653055312,102.91904177825911,152.9036216295774,244.0353569103981,252.85661622605872,303.6665671719844,346.8409419491827,401.0,453.1086195707424,47.27097885801877,101.91999999999999,105.51227135661499,200.0,250.0,246.6188129215253,347.47180141312003,353.07818164715593,447.471525558067,496.5343467113271,46.929005218306855,55.804771160292994,102.31387958006671,147.46023777908957,203.1044384915926,296.8376265871547,302.93808952793233,403.60106689261727,396.52056139240307,493.93203859620735,50.0,53.07111111111113,50.0,50.0,50.0,51.92000000000001,51.92000000000001,50.0,51.0,50.0,96.92888888888889,100.0,101.4,100.0,100.0,100.0,102.49555555555554,103.0711111111111,98.08,101.0,152.4955555555556,150.0,151.0,150.0,150.0,150.0,150.0,150.0,148.08,150.0,200.0,200.0,196.35333333333335,203.07111111111115,201.92000000000004,200.0,200.0,200.0,203.07111111111115,200.0,251.92000000000004,250.0,251.92000000000004,250.0,250.0,250.0,250.0,246.9288888888889,251.0,250.0,302.4955555555554,300.0,300.0,300.0,300.0,300.0,301.37999999999994,301.0,300.0,298.08,352.4955555555554,350.0,350.0,351.9199999999999,353.6466666666665,350.0,353.6466666666665,347.5044444444444,351.37999999999994,350.0,402.4955555555554,400.0,400.0,400.0,398.08,400.0,400.0,400.0,402.4955555555554,398.08,451.37999999999994,453.6466666666665,451.37999999999994,450.0,450.0,451.37999999999994,450.0,450.0,450.0,446.35333333333324,500.0,500.0,500.0,500.0,500.0,500.0,500.0,500.0,503.07111111111095,10999.0
502.2544251211013,55.84660189972178,101.12730075271114,203.16627208660066,254.29196517728315,300.0,348.7602035671723,398.3142290882937,402.6755901880666,493.94476545077714,48.834302933394056,96.45138759638142,150.0,197.05981950351577,205.86741957895282,253.05332032132517,347.3670260601589,352.4730001107793,402.98703267540213,494.2944584487544,47.11674874372188,55.794914892128375,147.86181996471103,204.471137005332,201.0,252.97127011376287,347.202353979405,352.9555859153698,396.5013700267907,494.15802788883315,47.264595268958935,56.1194435846843,147.0752211131397,152.93943861034768,252.86871122486988,294.22331186569716,303.08457151625123,345.7046876170558,402.5653616933747,452.7199885284796,46.92998211010869,97.174611127618,146.91686812438385,200.0,247.2825465544407,256.24818986009984,348.4392097110528,352.838627599805,443.7614515676639,453.1925068358132,502.38695685024646,55.83855225377199,147.09074811500466,152.92757068868687,247.4650662057107,252.0560935655715,302.9380517007959,351.86353262399643,402.48590028314857,494.14439581214504,48.38802492268359,97.57022279220908,106.00892384294444,152.9950399703156,203.59706296949113,297.9688386565249,347.50056308532686,397.78728499412625,443.84280908148935,453.1563648909892,502.22532195770947,55.9832653055312,102.73904177825911,152.7236216295774,244.0253569103981,252.6766162260587,303.5265671719844,346.2653863936271,401.0,452.9286195707424,47.49097885801878,102.49555555555554,105.48671580105943,200.0,250.0,246.04325736596974,347.87180141312,352.93818164715594,447.78708111362255,497.1099022668826,47.069005218306856,55.79921560473744,101.81387958006671,146.884682223534,202.8844384915926,297.0576265871547,302.7180895279323,404.1766224481728,395.9450058368475,493.92203859620736,50.0,53.64666666666669,50.0,50.0,50.0,52.49555555555557,52.49555555555557,50.0,51.0,50.0,96.35333333333334,100.0,101.86,100.0,100.0,100.0,103.0711111111111,103.64666666666665,97.50444444444445,101.0,153.07111111111115,150.0,151.0,150.0,150.0,150.0,150.0,150.0,147.50444444444446,150.0,200.0,200.0,195.7777777777778,203.6466666666667,202.4955555555556,200.0,200.0,200.0,203.6466666666667,200.0,252.4955555555556,250.0,252.4955555555556,250.0,250.0,250.0,250.0,246.35333333333335,251.0,250.0,303.07111111111095,300.0,300.0,300.0,300.0,300.0,301.9199999999999,301.0,300.0,297.5044444444444,353.07111111111095,350.0,350.0,352.4955555555554,354.222222222222,350.0,354.222222222222,346.9288888888888,351.9199999999999,350.0,403.07111111111095,400.0,400.0,400.0,397.5044444444444,400.0,400.0,400.0,403.07111111111095,397.5044444444444,451.9199999999999,454.222222222222,451.9199999999999,450.0,450.0,451.9199999999999,450.0,450.0,450.0,445.77777777777766,500.0,500.0,500.0,500.0,500.0,500.0,500.0,500.0,503.6466666666665,11199.0
501.9544251211013,55.85660189972178,100.72730075271113,203.7418276421562,254.8675207328387,300.0,349.1602035671723,398.7142290882937,402.41559018806663,493.93476545077715,49.234302933394055,96.55138759638142,150.0,197.3198195035158,205.8774195789528,252.83332032132517,347.62702606015887,352.2130001107793,402.7670326754021,494.28445844875444,47.37674874372188,55.80491489212837,148.20181996471104,205.04669256088755,201.0,252.75127011376287,347.422353979405,352.73558591536977,395.9258144712351,494.14802788883316,47.56459526895894,56.129443584684296,147.2552211131397,152.75943861034767,253.44426678042544,294.21331186569716,302.82457151625124,345.12913206150023,402.3053616933747,452.49998852847955,47.149982110108695,97.43461112761798,147.13686812438385,200.0,247.5025465544407,256.25818986009983,348.8392097110528,352.57862759980503,443.75145156766393,453.0125068358132,502.08695685024645,55.848552253771985,147.27074811500466,152.74757068868686,247.80506620571072,251.7160935655715,302.7580517007959,351.4479770684409,402.2259002831486,494.13439581214504,48.78802492268359,97.87022279220908,106.01892384294445,152.7750399703156,203.41706296949113,298.3688386565249,347.76056308532685,398.1428405496818,443.83280908148936,452.8963648909892,501.8853219577095,55.993265305531196,102.51904177825911,152.5036216295774,244.0153569103981,252.4566162260587,303.3465671719844,345.68983083807154,401.0,452.70861957074237,47.75097885801878,103.0711111111111,105.48116024550387,200.0,250.0,245.46770181041418,348.27180141312,352.75818164715594,448.1426366691781,497.68545782243814,47.249005218306856,55.80921560473744,101.2738795800667,146.30912666797846,202.6244384915926,297.3176265871547,302.4580895279323,404.7521780037283,395.3694502812919,493.91203859620737,50.0,54.22222222222225,50.0,50.0,50.0,53.07111111111113,53.07111111111113,50.0,51.0,50.0,95.77777777777779,100.0,102.36,100.0,100.0,100.0,103.64666666666665,104.2222222222222,96.92888888888889,101.0,153.6466666666667,150.0,151.0,150.0,150.0,150.0,150.0,150.0,146.9288888888889,150.0,200.0,200.0,195.20222222222225,204.22222222222226,203.07111111111115,200.0,200.0,200.0,204.22222222222226,200.0,253.07111111111115,250.0,253.07111111111115,250.0,250.0,250.0,250.0,245.7777777777778,251.0,250.0,303.6466666666665,300.0,300.0,300.0,300.0,300.0,302.4955555555554,301.0,300.0,296.9288888888888,353.6466666666665,350.0,350.0,353.07111111111095,354.7977777777775,350.0,354.7977777777775,346.35333333333324,352.4955555555554,350.0,403.6466666666665,400.0,400.0,400.0,396.9288888888888,400.0,400.0,400.0,403.6466666666665,396.9288888888888,452.4955555555554,454.7977777777775,452.4955555555554,450.0,450.0,452.4955555555554,450.0,450.0,450.0,445.2022222222221,500.0,500.0,500.0,500.0,500.0,500.0,500.0,500.0,504.222222222222,11399.0
501.6144251211013,55.86660189972178,100.32730075271112,204.31738319771176,255.44307628839425,300.0,349.56020356717227,399.11422908829365,402.1155901880666,493.92476545077716,49.63430293339405,96.69138759638142,150.0,197.6198195035158,205.8874195789528,252.57332032132518,347.9270260601588,351.9130001107793,402.5070326754021,494.27445844875444,47.67674874372189,55.81491489212837,148.58181996471106,205.6222481164431,201.0,252.49127011376288,347.682353979405,352.4755859153698,395.35025891567955,494.13802788883316,47.90459526895894,56.139443584684294,147.4752211131397,152.53943861034767,254.019822335981,294.2033118656972,302.5245715162512,344.55357650594465,402.0053616933747,452.23998852847956,47.4099821101087,97.73461112761798,147.39686812438387,200.0,247.76254655444072,256.2681898600998,349.23920971105275,352.278627599805,443.74145156766394,452.7925068358132,501.7469568502465,55.85855225377198,147.49074811500466,152.52757068868686,248.18506620571074,251.3360935655715,302.53805170079585,350.9924215128853,401.92590028314856,494.12439581214505,49.18802492268359,98.21022279220907,106.02892384294445,152.5150399703156,203.19706296949113,298.76883865652485,348.0605630853268,398.5383961052373,443.82280908148937,452.5963648909892,501.5053219577095,56.003265305531194,102.2590417782591,152.2436216295774,244.00535691039812,252.19661622605872,303.1265671719844,345.11427528251596,401.0,452.4486195707424,48.05097885801879,103.64666666666665,105.49116024550388,200.0,250.0,244.89214625485863,348.67180141311997,352.5381816471559,448.5381922247336,498.26101337799366,47.46900521830686,55.81921560473744,100.69832402451115,145.7335711124229,202.3244384915926,297.61762658715463,302.1580895279323,405.32773355928384,394.7938947257363,493.9020385962074,50.0,54.79777777777781,50.0,50.0,50.0,53.64666666666669,53.64666666666669,50.0,51.0,50.0,95.20222222222223,100.0,102.89999999999999,100.0,100.0,100.0,104.2222222222222,104.79777777777775,96.35333333333334,101.0,154.22222222222226,150.0,151.0,150.0,150.0,150.0,150.0,150.0,146.35333333333335,150.0,200.0,200.0,194.6266666666667,204.7977777777778,203.6466666666667,200.0,200.0,200.0,204.7977777777778,200.0,253.6466666666667,250.0,253.6466666666667,250.0,250.0,250.0,250.0,245.20222222222225,251.0,250.0,304.222222222222,300.0,300.0,300.0,300.0,300.0,303.07111111111095,301.0,300.0,296.35333333333324,354.222222222222,350.0,350.0,353.6466666666665,355.37333333333305,350.0,355.37333333333305,345.77777777777766,353.07111111111095,350.0,404.222222222222,400.0,400.0,400.0,396.35333333333324,400.0,400.0,400.0,404.222222222222,396.35333333333324,453.07111111111095,455.37333333333305,453.07111111111095,450.0,450.0,453.07111111111095,450.0,450.0,450.0,444.6266666666665,500.0,500.0,500.0,500.0,500.0,500.0,500.0,500.0,504.7977777777775,11599.0
501.2344251211013,55.87660189972178,99.92730075271112,204.89293875326732,256.0186318439498,300.0,350.0,399.51422908829363,401.77559018806664,493.91476545077717,50.0,96.87138759638141,150.0,197.9598195035158,205.8974195789528,252.27332032132517,348.2670260601588,351.57300011077933,402.2070326754021,494.26445844875445,48.01674874372189,55.82491489212837,149.00181996471107,206.19780367199866,201.0,252.19127011376287,347.98235397940493,352.17558591536977,394.77470336012397,494.1280278888332,48.284595268958945,56.14944358468429,147.73522111313972,152.27943861034768,254.59537789153654,294.1933118656972,302.18457151625125,343.97802095038907,401.66536169337473,451.93998852847955,47.709982110108704,98.07461112761797,147.69686812438388,200.0,248.06254655444073,256.2781898600998,349.63920971105273,351.93862759980505,443.73145156766395,452.5325068358132,501.3669568502465,55.86855225377198,147.75074811500468,152.26757068868687,248.60506620571076,250.91609356557152,302.27805170079586,350.49686595732976,401.5859002831486,494.11439581214506,49.58802492268359,98.59022279220906,106.03892384294446,152.2150399703156,202.93706296949114,299.1688386565248,348.4005630853268,398.97395166079286,443.8128090814894,452.25636489098923,501.0853219577095,56.01326530553119,101.9590417782591,151.9436216295774,243.99535691039813,251.8966162260587,302.8665671719844,344.5387197269604,401.0,452.14861957074237,48.39097885801879,104.2222222222222,105.50116024550388,200.0,250.0,244.31659069930308,349.07180141311994,352.2781816471559,448.97374778028916,498.8365689335492,47.72900521830687,55.829215604737435,100.1227684689556,145.15801555686735,201.98443849159258,297.9576265871546,301.81808952793233,405.90328911483937,394.21833917018074,493.8920385962074,50.0,55.37333333333337,50.0,50.0,50.0,54.22222222222225,54.22222222222225,50.0,51.0,50.0,94.62666666666668,100.0,103.47555555555554,100.0,100.0,100.0,104.79777777777775,105.3733333333333,95.77777777777779,101.0,154.7977777777778,150.0,151.0,150.0,150.0,150.0,150.0,150.0,145.7777777777778,150.0,200.0,200.0,194.05111111111114,205.37333333333336,204.22222222222226,200.0,200.0,200.0,205.37333333333336,200.0,254.22222222222226,250.0,254.22222222222226,250.0,250.0,250.0,250.0,244.6266666666667,251.0,250.0,304.7977777777775,300.0,300.0,300.0,300.0,300.0,303.6466666666665,301.0,300.0,295.77777777777766,354.7977777777775,350.0,350.0,354.222222222222,355.9488888888886,350.0,355.9488888888886,345.2022222222221,353.6466666666665,350.0,404.7977777777775,400.0,400.0,400.0,395.77777777777766,400.0,400.0,400.0,404.7977777777775,395.77777777777766,453.6466666666665,455.9488888888886,453.6466666666665,450.0,450.0,453.6466666666665,450.0,450.0,450.0,444.0511111111109,500.0,500.0,500.0,500.0,500.0,500.0,500.0,500.0,505.37333333333305,11799.0
500.8144251211013,55.886601899721775,99.52730075271111,205.46849430882287,256.5941873995053,300.0,350.0,399.9142290882936,401.39559018806665,493.9047654507772,50.0,97.09138759638141,150.0,198.33981950351583,205.90741957895278,251.93332032132517,348.6470260601588,351.19300011077934,401.86703267540213,494.25445844875446,48.39674874372189,55.83491489212837,149.46181996471108,206.7733592275542,201.0,251.85127011376287,348.3223539794049,351.8355859153698,394.1991478045684,494.1180278888332,48.70459526895895,56.15944358468429,148.03522111313973,151.97943861034767,255.1709334470921,294.1833118656972,301.80457151625126,343.4024653948335,401.28536169337474,451.59998852847957,48.04998211010871,98.45461112761797,148.0368681243839,200.0,248.40254655444073,256.2881898600998,350.0992097110527,351.55862759980505,443.72145156766396,452.2325068358132,500.94695685024647,55.87855225377198,148.0507481150047,151.96757068868686,249.06506620571076,250.4560935655715,301.97805170079585,349.9613104017742,401.2059002831486,494.10439581214507,49.988024922683586,99.01022279220906,106.04892384294446,151.87503997031558,202.63706296949113,299.5688386565248,348.7805630853268,399.4495072163484,443.8028090814894,451.87636489098924,500.6253219577095,56.02326530553119,101.6190417782591,151.6036216295774,243.98535691039814,251.5566162260587,302.5665671719844,343.9631641714048,401.0,451.8086195707424,48.77097885801879,104.79777777777775,105.51116024550389,200.0,250.0,243.74103514374752,349.4718014131199,351.9781816471559,449.4493033358447,499.4121244891047,48.02900521830687,55.83921560473743,101.0,144.5824600013118,201.6044384915926,298.3376265871546,301.43808952793233,406.4788446703949,393.64278361462516,493.8820385962074,50.0,55.94888888888893,50.0,50.0,50.0,54.79777777777781,54.79777777777781,50.0,51.0,50.0,94.05111111111113,100.0,104.0511111111111,100.0,100.0,100.0,105.3733333333333,105.94888888888886,95.20222222222223,101.0,155.37333333333336,150.0,151.0,150.0,150.0,150.0,150.0,150.0,145.20222222222225,150.0,200.0,200.0,193.4755555555556,205.94888888888892,204.7977777777778,200.0,200.0,200.0,205.94888888888892,200.0,254.7977777777778,250.0,254.7977777777778,250.0,250.0,250.0,250.0,244.05111111111114,251.0,250.0,305.37333333333305,300.0,300.0,300.0,300.0,300.0,304.222222222222,301.0,300.0,295.2022222222221,355.37333333333305,350.0,350.0,354.7977777777775,356.5244444444441,350.0,356.5244444444441,344.6266666666665,354.222222222222,350.0,405.37333333333305,400.0,400.0,400.0,395.2022222222221,400.0,400.0,400.0,405.37333333333305,395.2022222222221,454.222222222222,456.5244444444441,454.222222222222,450.0,450.0,454.222222222222,450.0,450.0,450.0,443.47555555555533,500.0,500.0,500.0,500.0,500.0,500.0,500.0,500.0,505.9488888888886,11999.0
500.3544251211013,55.89660189972177,99.12730075271111,206.04404986437842,257.1697429550608,300.0,350.0,400.3142290882936,400.97559018806663,493.8947654507772,49.58,97.3513875963814,150.0,198.75981950351584,205.91741957895277,251.55332032132517,349.06702606015875,350.7730001107793,401.48703267540213,494.2444584487545,48.816748743721895,55.844914892128365,149.96181996471108,207.34891478310976,201.0,251.47127011376287,348.7023539794049,351.4555859153698,393.6235922490128,494.1080278888332,49.16459526895895,56.16944358468429,148.37522111313973,151.63943861034767,255.74648900264765,294.1733118656972,301.38457151625124,342.8269098392779,400.8653616933747,451.2199885284796,48.42998211010871,98.87461112761797,148.4168681243839,200.0,248.78254655444076,256.2981898600998,350.5992097110527,351.13862759980503,443.71145156766397,451.8925068358132,500.4869568502465,55.88855225377198,148.3907481150047,151.62757068868686,249.56506620571076,251.0,301.63805170079587,349.3857548462186,400.7859002831486,494.0943958121451,50.0,99.47022279220906,106.05892384294447,151.4950399703156,202.29706296949112,299.9688386565248,349.20056308532673,399.96506277190394,443.7928090814894,451.4563648909892,500.1253219577095,56.03326530553119,101.23904177825911,151.2236216295774,243.97535691039815,251.1766162260587,302.2265671719844,343.3876086158492,401.0,451.4286195707424,49.190978858018795,105.3733333333333,105.52116024550389,200.0,250.0,243.16547958819197,349.8718014131199,351.63818164715593,449.96485889140024,499.98768004466024,48.369005218306874,55.84921560473743,101.0,144.00690444575625,201.1844384915926,298.75762658715456,301.0180895279323,407.0544002259504,393.0672280590696,493.8720385962074,50.0,56.52444444444449,50.0,50.0,50.0,55.37333333333337,55.37333333333337,50.0,51.0,50.0,93.47555555555557,100.0,104.62666666666665,100.0,100.0,100.0,105.94888888888886,106.52444444444441,94.62666666666668,101.0,155.94888888888892,150.0,151.0,150.0,150.0,150.0,150.0,150.0,144.6266666666667,150.0,200.0,200.0,192.90000000000003,206.52444444444447,205.37333333333336,200.0,200.0,200.0,206.52444444444447,200.0,255.37333333333336,250.0,255.37333333333336,250.0,250.0,250.0,250.0,243.4755555555556,251.0,250.0,305.9488888888886,300.0,300.0,300.0,300.0,300.0,304.7977777777775,301.0,300.0,294.6266666666665,355.9488888888886,350.0,350.0,355.37333333333305,357.0999999999996,350.0,357.0999999999996,344.0511111111109,354.7977777777775,350.0,405.9488888888886,400.0,400.0,400.0,394.6266666666665,400.0,400.0,400.0,405.9488888888886,394.6266666666665,454.7977777777775,457.0999999999996,454.7977777777775,450.0,450.0,454.7977777777775,450.0,450.0,450.0,442.89999999999975,500.0,500.0,500.0,500.0,500.0,500.0,500.0,500.0,506.5244444444441,12199.0
499.8544251211013,55.90660189972177,98.7273007527111,206.61960541993398,257.74529851061635,300.0,350.0,400.71422908829356,400.51559018806665,493.8847654507772,49.12,97.6513875963814,150.0,199.21981950351585,205.92741957895277,251.1333203213252,349.52702606015873,350.31300011077934,401.0670326754021,494.2344584487545,49.276748743721896,55.85491489212836,150.0,207.92447033866532,201.0,251.05127011376288,349.12235397940486,351.0355859153698,393.0480366934572,494.0980278888332,49.66459526895895,56.179443584684286,148.75522111313975,151.25943861034767,256.3220445582032,294.1633118656972,300.92457151625126,342.2513542837223,400.40536169337474,450.79998852847956,48.84998211010871,99.33461112761796,148.83686812438393,200.0,249.20254655444077,256.3081898600998,351.1392097110527,350.67862759980505,443.701451567664,451.5125068358132,501.0,55.898552253771975,148.77074811500472,151.24757068868686,250.10506620571078,251.0,301.2580517007959,348.81019929066304,400.3259002831486,494.0843958121451,50.0,99.97022279220906,106.06892384294447,151.0750399703156,201.91706296949113,300.0,349.6605630853267,400.5206183274595,443.7828090814894,450.99636489098924,499.5853219577095,56.043265305531186,100.8190417782591,150.8036216295774,243.96535691039816,250.75661622605872,301.8465671719844,342.81205306029364,401.0,451.0086195707424,49.650978858018796,105.94888888888886,105.5311602455039,200.0,250.0,242.58992403263642,350.0,351.25818164715594,450.0,500.56323560021576,48.74900521830688,55.85921560473743,101.0,143.4313488902007,200.7244384915926,299.21762658715454,300.55808952793234,407.62995578150594,392.491672503514,493.8620385962074,50.0,57.10000000000005,50.0,50.0,50.0,55.94888888888893,55.94888888888893,50.0,51.0,50.0,92.90000000000002,100.0,105.2022222222222,100.0,100.0,100.0,106.52444444444441,107.09999999999997,94.05111111111113,101.0,156.52444444444447,150.0,151.0,150.0,150.0,150.0,150.0,150.0,144.05111111111114,150.0,200.0,200.0,192.32444444444448,207.10000000000002,205.94888888888892,200.0,200.0,200.0,207.10000000000002,200.0,255.94888888888892,250.0,255.94888888888892,250.0,250.0,250.0,250.0,242.90000000000003,251.0,250.0,306.5244444444441,300.0,300.0,300.0,300.0,300.0,305.37333333333305,301.0,300.0,294.0511111111109,356.5244444444441,350.0,350.0,355.9488888888886,357.67555555555515,350.0,357.67555555555515,343.47555555555533,355.37333333333305,350.0,406.5244444444441,400.0,400.0,400.0,394.0511111111109,400.0,400.0,400.0,406.5244444444441,394.0511111111109,455.37333333333305,457.67555555555515,455.37333333333305,450.0,450.0,455.37333333333305,450.0,450.0,450.0,442.32444444444417,500.0,500.0,500.0,500.0,500.0,500.0,500.0,500.0,507.0999999999996,12399.0
499.3144251211013,55.91660189972177,98.3273007527111,207.19516097548953,258.3208540661719,300.0,350.0,401.11422908829354,400.01559018806665,493.8747654507772,48.62,97.99138759638139,150.0,199.71981950351585,205.93741957895276,250.67332032132518,350.0,349.81300011077934,400.60703267540214,494.2244584487545,49.776748743721896,55.86491489212836,150.0,208.50002589422087,201.0,250.59127011376287,349.58235397940484,350.5755859153698,392.47248113790164,494.0880278888332,50.204595268958954,56.189443584684284,149.17522111313977,150.83943861034768,256.8976001137587,294.1533118656972,300.42457151625126,341.67579872816674,401.0,450.3399885284796,49.30998211010871,99.83461112761796,149.29686812438393,200.0,249.66254655444078,256.3181898600998,351.7147652666082,350.17862759980505,443.691451567664,451.0925068358132,501.0,55.90855225377197,149.19074811500474,150.82757068868688,250.68062176126634,251.0,300.83805170079586,348.23464373510745,401.0,494.0743958121451,50.0,100.51022279220905,106.07892384294448,150.6150399703156,201.49706296949114,300.0,350.0,401.096173883015,443.7728090814894,450.49636489098924,499.0097664021539,56.053265305531184,100.35904177825911,150.3436216295774,243.95535691039817,250.29661622605872,301.4265671719844,342.23649750473805,401.0,450.5486195707424,50.150978858018796,106.52444444444441,105.5411602455039,200.0,250.0,242.01436847708086,350.0,350.8381816471559,450.0,501.1387911557713,49.16900521830688,55.86921560473743,101.0,142.85579333464514,200.2244384915926,299.71762658715454,300.05808952793234,408.20551133706147,391.9161169479584,493.8520385962074,50.0,57.67555555555561,50.0,50.0,50.0,56.52444444444449,56.52444444444449,50.0,51.0,50.0,92.32444444444447,100.0,105.77777777777776,100.0,100.0,100.0,107.09999999999997,107.67555555555552,93.47555555555557,101.0,157.10000000000002,150.0,151.0,150.0,150.0,150.0,150.0,150.0,143.4755555555556,150.0,200.0,200.0,191.74888888888893,207.67555555555558,206.52444444444447,200.0,200.0,200.0,207.67555555555558,200.0,256.52444444444444,250.0,256.52444444444444,250.0,250.0,250.0,250.0,242.32444444444448,251.0,250.0,307.0999999999996,300.0,300.0,300.0,300.0,300.0,305.9488888888886,301.0,300.0,293.47555555555533,357.0999999999996,350.0,350.0,356.5244444444441,358.2511111111107,350.0,358.2511111111107,342.89999999999975,355.9488888888886,350.0,407.0999999999996,400.0,400.0,400.0,393.47555555555533,400.0,400.0,400.0,407.0999999999996,393.47555555555533,455.9488888888886,458.2511111111107,455.9488888888886,450.0,450.0,455.9488888888886,450.0,450.0,450.0,441.7488888888886,500.0,500.0,500.0,500.0,500.0,500.0,500.0,500.0,507.67555555555515,12599.0
498.7388695655457,55.92660189972177,97.92730075271109,207.77071653104508,258.8964096217274,300.0,350.0,401.5142290882935,401.0,493.8647654507772,48.08,98.37138759638138,150.0,200.25981950351587,205.94741957895275,250.17332032132518,350.0,349.2730001107793,400.10703267540214,494.2144584487545,50.3167487437219,55.87491489212836,150.0,209.07558144977642,201.0,250.09127011376287,350.08235397940484,350.0755859153698,391.89692558234606,494.0780278888332,50.780150824514514,56.19944358468428,149.63522111313978,150.37943861034768,257.4731556693142,294.1433118656972,301.0,341.10024317261116,401.0,449.8399885284796,49.80998211010871,100.0,149.79686812438393,200.0,250.0,256.32818986009977,352.2903208221637,349.63862759980503,443.681451567664,450.6325068358132,501.0,55.91855225377197,149.65074811500475,150.36757068868687,251.2561773168219,251.0,300.3780517007959,347.6590881795519,401.0,494.0643958121451,50.0,101.0857783477646,106.08892384294448,150.1150399703156,201.03706296949113,301.0,350.0,401.67172943857054,443.7628090814894,451.0,498.4342108465983,56.06326530553118,99.85904177825911,149.8436216295774,243.94535691039817,249.79661622605872,300.9665671719844,341.6609419491825,401.0,450.0486195707424,50.6909788580188,107.09999999999997,105.55116024550391,200.0,250.0,241.4388129215253,350.0,350.37818164715594,450.0,501.7143467113268,49.62900521830688,55.879215604737425,101.0,142.2802377790896,199.6844384915926,300.0,299.5180895279323,408.781066892617,391.34056139240283,493.84203859620743,50.0,58.25111111111117,50.0,50.0,50.0,57.10000000000005,57.10000000000005,50.0,51.0,50.0,91.74888888888891,100.0,106.35333333333331,100.0,100.0,100.0,107.67555555555552,108.25111111111107,92.90000000000002,101.0,157.67555555555558,150.0,151.0,150.0,150.0,150.0,150.0,150.0,142.90000000000003,150.0,200.0,200.0,191.17333333333337,208.25111111111113,207.10000000000002,200.0,200.0,200.0,208.25111111111113,200.0,257.09999999999997,250.0,257.09999999999997,250.0,250.0,250.0,250.0,241.74888888888893,251.0,250.0,307.67555555555515,300.0,300.0,300.0,300.0,300.0,306.5244444444441,301.0,300.0,292.89999999999975,357.67555555555515,350.0,350.0,357.0999999999996,358.8266666666662,350.0,358.8266666666662,342.32444444444417,356.5244444444441,350.0,407.67555555555515,400.0,400.0,400.0,392.89999999999975,400.0,400.0,400.0,407.67555555555515,392.89999999999975,456.5244444444441,458.8266666666662,456.5244444444441,450.0,450.0,456.5244444444441,450.0,450.0,450.0,441.173333333333,500.0,500.0,500.0,500.0,500.0,500.0,500.0,500.0,508.2511111111107,12799.0
498.16331400999013,55.936601899721765,97.4673007527111,208.34627208660064,259.4719651772829,300.0,350.0,401.9142290882935,401.0,493.8547654507772,47.504444444444445,98.79138759638138,150.0,200.83537505907142,205.95741957895274,251.0,350.0,348.69744455522374,401.0,494.2044584487545,50.89230429927746,55.88491489212836,150.0,209.65113700533198,201.0,249.55127011376288,350.6223539794048,351.0,391.3213700267905,494.0680278888332,51.355706380070075,56.20944358468428,150.13522111313978,151.0,258.04871122486975,294.13331186569724,301.0,340.5246876170556,401.0,449.29998852847956,50.0,100.0,150.0,200.0,250.0,256.33818986009976,352.86587637771925,349.06307204424945,443.671451567664,450.1325068358132,501.0,55.92855225377197,150.15074811500475,151.0,251.83173287237744,251.0,301.0,347.0835326239963,401.0,494.0543958121451,50.0,101.66133390332016,106.09892384294449,149.5750399703156,200.53706296949113,301.0,350.0,402.24728499412606,443.75280908148943,451.0,497.85865529104274,56.07326530553118,99.3190417782591,149.3036216295774,243.93535691039818,249.25661622605872,300.4665671719844,341.0853863936269,401.0,449.5086195707424,51.26653441357436,107.67555555555552,105.56116024550391,200.0,250.0,240.86325736596976,350.0,351.0,450.0,502.28990226688234,50.0,55.88921560473742,101.0,141.70468222353404,199.10888293603705,300.0,298.94253397237674,409.3566224481725,390.76500583684725,493.83203859620744,50.0,58.82666666666673,50.0,50.0,50.0,57.67555555555561,57.67555555555561,50.0,51.0,50.0,91.17333333333336,100.0,106.92888888888886,100.0,100.0,100.0,108.25111111111107,108.82666666666663,92.32444444444447,101.0,158.25111111111113,150.0,151.0,150.0,150.0,150.0,150.0,150.0,142.32444444444448,150.0,200.0,200.0,190.59777777777782,208.82666666666668,207.67555555555558,200.0,200.0,200.0,208.82666666666668,200.0,257.6755555555555,250.0,257.6755555555555,250.0,250.0,250.0,250.0,241.17333333333337,251.0,250.0,308.2511111111107,300.0,300.0,300.0,300.0,300.0,307.0999999999996,301.0,300.0,292.32444444444417,358.2511111111107,350.0,350.0,357.67555555555515,359.4022222222217,350.0,359.4022222222217,341.7488888888886,357.0999999999996,350.0,408.2511111111107,400.0,400.0,400.0,392.32444444444417,400.0,400.0,400.0,408.2511111111107,392.32444444444417,457.0999999999996,459.4022222222217,457.0999999999996,450.0,450.0,457.0999999999996,450.0,450.0,450.0,440.5977777777774,500.0,500.0,500.0,500.0,500.0,500.0,500.0,500.0,508.8266666666662,12999.0
497.58775845443455,55.94660189972176,96.9673007527111,208.9218276421562,260.04752073283845,300.0,350.0,402.3742290882935,401.0,493.84476545077723,46.92888888888889,99.25138759638138,150.0,201.41093061462698,205.96741957895273,251.0,350.0,348.12188899966816,401.0,494.1944584487545,51.46785985483302,55.894914892128355,150.0,210.22669256088753,201.0,248.97571455820733,351.19790953496033,351.0,390.7458144712349,494.05802788883324,51.931261935625635,56.21944358468428,150.6752211131398,151.0,258.6242667804253,294.12331186569725,301.0,339.9491320615,401.0,448.724432972924,50.0,100.42,150.0,200.0,250.0,256.34818986009975,353.44143193327477,348.48751648869387,443.661451567664,449.5925068358132,501.0,55.93855225377197,150.69074811500477,151.0,252.407288427933,251.0,301.0,346.5079770684407,401.0,494.0443958121451,50.0,102.23688945887571,106.10892384294449,148.99948441476005,199.99706296949114,301.0,350.0,402.8228405496816,443.74280908148944,451.0,497.28309973548716,56.08326530553118,98.74348622270355,148.72806607402185,243.9253569103982,248.68106067050317,301.0,340.5098308380713,401.0,448.9330640151868,51.84208996912992,108.25111111111107,105.57116024550392,200.0,250.0,240.2877018104142,350.0,351.0,450.0,502.86545782243786,50.0,55.89921560473742,101.0,141.12912666797848,198.5333273804815,300.0,298.36697841682115,409.93217800372804,390.18945028129167,493.82203859620745,50.0,59.40222222222229,50.0,50.0,50.0,58.25111111111117,58.25111111111117,50.0,51.0,50.0,90.59777777777781,100.0,107.50444444444442,100.0,100.0,100.0,108.82666666666663,109.40222222222218,91.74888888888891,101.0,158.82666666666668,150.0,151.0,150.0,150.0,150.0,150.0,150.0,141.74888888888893,150.0,200.0,200.0,190.02222222222227,209.40222222222224,208.25111111111113,200.0,200.0,200.0,209.40222222222224,200.0,258.251111111111,250.0,258.251111111111,250.0,250.0,250.0,250.0,240.59777777777782,251.0,250.0,308.8266666666662,300.0,300.0,300.0,300.0,300.0,307.67555555555515,301.0,300.0,291.7488888888886,358.8266666666662,350.0,350.0,358.2511111111107,359.97777777777725,350.0,359.97777777777725,341.173333333333,357.67555555555515,350.0,408.8266666666662,400.0,400.0,400.0,391.7488888888886,400.0,400.0,400.0,408.8266666666662,391.7488888888886,457.67555555555515,459.97777777777725,457.67555555555515,450.0,450.0,457.67555555555515,450.0,450.0,450.0,440.02222222222184,500.0,500.0,500.0,500.0,500.0,500.0,500.0,500.0,509.4022222222217,13199.0
497.01220289887897,55.95660189972176,96.42730075271109,209.49738319771174,260.623076288394,300.0,350.0,402.8742290882935,401.0,493.83476545077724,46.35333333333334,99.75138759638138,150.0,201.98648617018253,205.97741957895272,251.0,350.0,347.5463334441126,401.0,494.1844584487545,52.04341541038858,55.90491489212835,150.0,210.80224811644308,201.0,248.40015900265178,351.77346509051586,351.0,390.1702589156793,494.04802788883325,52.506817491181195,56.229443584684276,151.25077666869535,151.0,259.1998223359808,294.11331186569726,301.0,339.3735765059444,401.0,448.1488774173684,50.42,100.88,151.0,200.0,250.0,256.35818986009974,354.0169874888303,347.9119609331383,443.651451567664,449.0169512802576,501.0,55.948552253771965,151.26630367056032,151.0,252.98284398348855,251.0,301.0,345.9324215128851,401.0,494.03439581214514,50.0,102.81244501443126,106.1189238429445,148.4239288592045,199.4215074139356,301.0,350.0,403.3983961052371,443.73280908148945,451.0,496.7075441799316,56.093265305531176,98.167930667148,148.1525105184663,243.9153569103982,248.10550511494762,301.0,339.9342752825157,401.0,448.3575084596312,52.41764552468548,108.82666666666663,105.58116024550392,200.0,250.0,239.71214625485865,350.0,351.0,450.0,503.4410133779934,50.0,55.90921560473742,101.0,140.55357111242293,197.95777182492594,300.0,297.7914228612656,410.50773355928357,389.6138947257361,493.81203859620746,50.0,59.97777777777785,50.0,50.0,50.0,58.82666666666673,58.82666666666673,50.0,51.0,50.0,90.02222222222225,100.0,108.07999999999997,100.0,100.0,100.0,109.40222222222218,109.97777777777773,91.17333333333336,101.0,159.40222222222224,150.0,151.0,150.0,150.0,150.0,150.0,150.0,141.17333333333337,150.0,200.0,200.0,189.44666666666672,209.9777777777778,208.82666666666668,200.0,200.0,200.0,209.9777777777778,200.0,258.82666666666654,250.0,258.82666666666654,250.0,250.0,250.0,250.0,240.02222222222227,251.0,250.0,309.4022222222217,300.0,300.0,300.0,300.0,300.0,308.2511111111107,301.0,300.0,291.173333333333,359.4022222222217,350.0,350.0,358.8266666666662,360.5533333333328,350.0,360.5533333333328,340.5977777777774,358.2511111111107,350.0,409.4022222222217,400.0,400.0,400.0,391.173333333333,400.0,400.0,400.0,409.4022222222217,391.173333333333,458.2511111111107,460.5533333333328,458.2511111111107,450.0,450.0,458.2511111111107,450.0,450.0,450.0,439.44666666666626,500.0,500.0,500.0,500.0,500.0,500.0,500.0,500.0,509.97777777777725,13399.0
496.4366473433234,55.96660189972176,95.85174519715554,210.0729387532673,261.1986318439495,300.0,350.0,403.41422908829344,401.0,493.82476545077725,45.777777777777786,100.29138759638137,150.0,202.56204172573808,205.9874195789527,251.0,350.0,346.970777888557,401.0,494.17445844875454,52.61897096594414,55.91491489212835,150.0,211.37780367199863,201.0,247.82460344709622,352.3490206460714,351.0,389.59470336012373,494.03802788883326,53.082373046736755,56.239443584684274,151.8263322242509,151.0,259.7753778915363,294.10331186569726,301.0,338.79802095038883,401.0,447.5733218618128,50.88,101.38,151.0,200.0,250.0,256.36818986009973,354.5925430443858,347.3364053775827,443.64145156766403,448.44139572470203,501.0,55.95855225377196,151.84185922611587,151.0,253.5583995390441,251.0,301.0,345.35686595732955,401.0,494.02439581214514,50.0,103.38800056998681,106.1289238429445,147.84837330364894,198.84595185838003,301.0,350.0,403.97395166079264,443.72280908148946,451.0,496.131988624376,56.103265305531174,97.59237511159245,147.57695496291075,243.9053569103982,247.52994955939207,301.0,339.35871972696015,401.0,447.78195290407564,52.99320108024104,109.40222222222218,105.59116024550393,200.0,250.0,239.1365906993031,350.0,351.0,450.0,504.0165689335489,50.0,55.91921560473742,101.0,139.97801555686738,197.3822162693704,300.0,297.21586730571,411.0832891148391,389.0383391701805,493.80203859620747,50.0,60.55333333333341,50.0,50.0,50.0,59.40222222222229,59.40222222222229,50.0,51.0,50.0,89.4466666666667,100.0,108.65555555555552,100.0,100.0,100.0,109.97777777777773,110.55333333333328,90.59777777777781,101.0,159.9777777777778,150.0,151.0,150.0,150.0,150.0,150.0,150.0,140.59777777777782,150.0,200.0,200.0,188.87111111111116,210.55333333333334,209.40222222222224,200.0,200.0,200.0,210.55333333333334,200.0,259.40222222222206,250.0,259.40222222222206,250.0,250.0,250.0,250.0,239.44666666666672,251.0,250.0,309.97777777777725,300.0,300.0,300.0,300.0,300.0,308.8266666666662,301.0,300.0,290.5977777777774,359.97777777777725,350.0,350.0,359.4022222222217,361.1288888888883,350.0,361.1288888888883,340.02222222222184,358.8266666666662,350.0,409.97777777777725,400.0,400.0,400.0,390.5977777777774,400.0,400.0,400.0,409.97777777777725,390.5977777777774,458.8266666666662,461.1288888888883,458.8266666666662,450.0,450.0,458.8266666666662,450.0,450.0,450.0,438.8711111111107,500.0,500.0,500.0,500.0,500.0,500.0,500.0,500.0,510.5533333333328,13599.0
495.8610917877678,55.97660189972176,95.27618964159998,210.64849430882285,261.774187399505,300.0,350.0,403.98978464384896,401.0,493.81476545077726,45.20222222222223,100.86694315193692,150.0,203.13759728129364,205.9974195789527,251.0,350.0,346.3952223330014,401.0,494.16445844875454,53.194526521499704,55.92491489212835,150.0,211.9533592275542,201.0,247.24904789154067,352.9245762016269,351.0,389.01914780456815,494.02802788883326,53.657928602292316,56.24944358468427,152.40188777980646,151.0,260.35093344709185,294.0933118656973,301.0,338.22246539483325,401.0,446.99776630625723,51.38,101.91999999999999,151.0,200.0,250.0,256.3781898600997,355.16809859994135,346.7608498220271,443.63145156766404,447.86584016914645,501.0,55.96855225377196,152.41741478167143,151.0,254.13395509459966,251.0,301.0,344.78131040177396,401.0,494.01439581214515,50.0,103.96355612554237,106.13892384294451,147.2728177480934,198.27039630282448,301.0,350.0,404.54950721634816,443.71280908148947,451.0,495.5564330688204,56.11326530553117,97.01681955603689,147.0013994073552,243.89535691039822,246.9543940038365,301.0,338.78316417140456,401.0,447.20639734852006,53.5687566357966,109.97777777777773,105.60116024550393,200.0,250.0,238.56103514374755,350.0,351.0,450.0,504.59212448910444,50.0,55.929215604737415,101.0,139.40246000131182,196.80666071381484,300.0,296.6403117501544,411.6588446703946,388.4627836146249,493.7920385962075,50.0,61.12888888888897,50.0,50.0,50.0,59.97777777777785,59.97777777777785,50.0,51.0,50.0,88.87111111111115,100.0,109.23111111111108,100.0,100.0,100.0,110.55333333333328,111.12888888888884,90.02222222222225,101.0,160.55333333333334,150.0,151.0,150.0,150.0,150.0,150.0,150.0,140.02222222222227,150.0,200.0,200.0,188.2955555555556,211.1288888888889,209.9777777777778,200.0,200.0,200.0,211.1288888888889,200.0,259.9777777777776,250.0,259.9777777777776,250.0,250.0,250.0,250.0,238.87111111111116,251.0,250.0,310.5533333333328,300.0,300.0,300.0,300.0,300.0,309.4022222222217,301.0,300.0,290.02222222222184,360.5533333333328,350.0,350.0,359.97777777777725,361.7044444444438,350.0,361.7044444444438,339.44666666666626,359.4022222222217,350.0,410.5533333333328,400.0,400.0,400.0,390.02222222222184,400.0,400.0,400.0,410.5533333333328,390.02222222222184,459.4022222222217,461.7044444444438,459.4022222222217,450.0,450.0,459.4022222222217,450.0,450.0,450.0,438.2955555555551,500.0,500.0,500.0,500.0,500.0,500.0,500.0,500.0,511.1288888888883,13799.0
495.2855362322122,55.986601899721755,94.70063408604443,211.2240498643784,262.34974295506055,300.0,350.0,404.5653401994045,401.0,493.80476545077727,44.62666666666668,101.44249870749248,150.0,203.7131528368492,206.0074195789527,251.0,350.0,345.81966677744583,401.0,494.15445844875455,53.770082077055264,55.93491489212835,150.0,212.52891478310974,201.0,246.67349233598512,353.50013175718243,351.0,388.44359224901257,494.0180278888333,54.233484157847876,56.25944358468427,152.977443335362,151.0,260.9264890026474,294.0833118656973,301.0,337.64690983927767,401.0,446.42221075070165,51.92000000000001,102.49555555555554,151.0,200.0,250.0,256.3881898600997,355.74365415549687,346.18529426647154,443.62145156766405,447.29028461359087,501.0,55.97855225377196,152.99297033722698,151.0,254.7095106501552,251.0,301.0,344.2057548462184,401.0,494.00439581214516,50.0,104.53911168109792,106.14892384294451,146.69726219253783,197.69484074726893,301.0,350.0,405.1250627719037,443.7028090814895,451.0,494.98087751326483,56.12326530553117,96.44126400048134,146.42584385179964,243.88535691039823,246.37883844828096,301.0,338.207608615849,401.0,446.6308417929645,54.144312191352164,110.55333333333328,105.61116024550394,200.0,250.0,237.985479588192,350.0,351.0,450.0,505.16768004465996,50.0,55.93921560473741,101.0,138.82690444575627,196.23110515825928,300.0,296.06475619459883,412.23440022595014,387.88722805906934,493.7820385962075,50.0,61.70444444444453,50.0,50.0,50.0,60.55333333333341,60.55333333333341,50.0,51.0,50.0,88.2955555555556,100.0,109.80666666666663,100.0,100.0,100.0,111.12888888888884,111.70444444444439,89.4466666666667,101.0,161.1288888888889,150.0,151.0,150.0,150.0,150.0,150.0,150.0,139.44666666666672,150.0,200.0,200.0,187.72000000000006,211.70444444444445,210.55333333333334,200.0,200.0,200.0,211.70444444444445,200.0,260.5533333333331,250.0,260.5533333333331,250.0,250.0,250.0,250.0,238.2955555555556,251.0,250.0,311.1288888888883,300.0,300.0,300.0,300.0,300.0,309.97777777777725,301.0,300.0,289.44666666666626,361.1288888888883,350.0,350.0,360.5533333333328,362.27999999999935,350.0,362.27999999999935,338.8711111111107,359.97777777777725,350.0,411.1288888888883,400.0,400.0,400.0,389.44666666666626,400.0,400.0,400.0,411.1288888888883,389.44666666666626,459.97777777777725,462.27999999999935,459.97777777777725,450.0,450.0,459.97777777777725,450.0,450.0,450.0,437.7199999999995,500.0,500.0,500.0,500.0,500.0,500.0,500.0,500.0,511.7044444444438,13999.0
494.70998067665664,55.99660189972175,94.12507853048888,211.79960541993395,262.9252985106161,300.0,350.0,405.14089575496,401.0,493.7947654507773,44.051111111111126,102.01805426304803,150.0,204.28870839240474,206.01741957895268,251.0,350.0,345.24411122189025,401.0,494.14445844875456,54.345637632610824,55.944914892128345,150.0,213.1044703386653,201.0,246.09793678042956,354.07568731273795,351.0,387.868036693457,494.0080278888333,54.809039713403436,56.26944358468427,153.55299889091756,151.0,261.5020445582029,294.0733118656973,301.0,337.0713542837221,401.0,445.84665519514607,52.49555555555557,103.0711111111111,151.0,200.0,250.0,256.3981898600997,356.3192097110524,345.60973871091596,443.61145156766406,446.7147290580353,501.0,55.98855225377196,153.56852589278253,151.0,255.28506620571076,251.0,301.0,343.6301992906628,401.0,493.99439581214517,50.0,105.11466723665347,106.15892384294452,146.12170663698228,197.11928519171337,301.0,350.0,405.7006183274592,443.6928090814895,451.0,494.40532195770925,56.13326530553117,95.86570844492579,145.8502882962441,243.87535691039824,245.8032828927254,301.0,337.6320530602934,401.0,446.0552862374089,54.719867746907724,111.12888888888884,105.62116024550394,200.0,250.0,237.40992403263644,350.0,351.0,450.0,505.7432356002155,50.0,55.94921560473741,101.0,138.25134889020072,195.65554960270373,300.0,295.48920063904325,412.80995578150566,387.31167250351376,493.7720385962075,50.0,62.28000000000009,50.0,50.0,50.0,61.12888888888897,61.12888888888897,50.0,51.0,50.0,87.72000000000004,100.0,110.38222222222218,100.0,100.0,100.0,111.70444444444439,112.27999999999994,88.87111111111115,101.0,161.70444444444445,150.0,151.0,150.0,150.0,150.0,150.0,150.0,138.87111111111116,150.0,200.0,200.0,187.1444444444445,212.28,211.1288888888889,200.0,200.0,200.0,212.28,200.0,261.12888888888864,250.0,261.12888888888864,250.0,250.0,250.0,250.0,237.72000000000006,251.0,250.0,311.7044444444438,300.0,300.0,300.0,300.0,300.0,310.5533333333328,301.0,300.0,288.8711111111107,361.7044444444438,350.0,350.0,361.1288888888883,362.8555555555549,350.0,362.8555555555549,338.2955555555551,360.5533333333328,350.0,411.7044444444438,400.0,400.0,400.0,388.8711111111107,400.0,400.0,400.0,411.7044444444438,388.8711111111107,460.5533333333328,462.8555555555549,460.5533333333328,450.0,450.0,460.5533333333328,450.0,450.0,450.0,437.14444444444393,500.0,500.0,500.0,500.0,500.0,500.0,500.0,500.0,512.2799999999994,14199.0
494.13442512110106,56.00660189972175,93.54952297493332,212.3751609754895,263.5008540661716,300.0,350.0,405.71645131051554,401.0,493.7847654507773,43.47555555555557,102.59360981860358,150.0,204.8642639479603,206.02741957895267,251.0,350.0,344.66855566633467,401.0,494.1344584487546,54.921193188166384,55.95491489212834,150.0,213.68002589422085,201.0,245.522381224874,354.6512428682935,351.0,387.2924811379014,493.9980278888333,55.384595268958996,56.279443584684266,154.12855444647312,151.0,262.0776001137584,294.0633118656973,301.0,336.4957987281665,401.0,445.2710996395905,53.07111111111113,103.64666666666665,151.0,200.0,250.0,256.4081898600997,356.8947652666079,345.0341831553604,443.60145156766407,446.1391735024797,501.0,55.998552253771955,154.14408144833808,151.0,255.86062176126632,251.0,301.0,343.0546437351072,401.0,493.9843958121452,50.0,105.69022279220903,106.16892384294452,145.54615108142673,196.54372963615782,301.0,350.0,406.27617388301474,443.6828090814895,451.0,493.82976640215367,56.143265305531166,95.29015288937023,145.27473274068853,243.86535691039825,245.22772733716985,301.0,337.0564975047378,401.0,445.4797306818533,55.295423302463284,111.70444444444439,105.63116024550395,200.0,250.0,236.8343684770809,350.0,351.0,450.0,506.318791155771,50.0,55.95921560473741,101.0,137.67579333464516,195.07999404714818,300.0,294.91364508348767,413.3855113370612,386.7361169479582,493.7620385962075,50.0,62.855555555555654,50.0,50.0,50.0,61.70444444444453,61.70444444444453,50.0,51.0,50.0,87.14444444444449,100.0,110.95777777777774,100.0,100.0,100.0,112.27999999999994,112.8555555555555,88.2955555555556,101.0,162.28,150.0,151.0,150.0,150.0,150.0,150.0,150.0,138.2955555555556,150.0,200.0,200.0,186.56888888888895,212.85555555555555,211.70444444444445,200.0,200.0,200.0,212.85555555555555,200.0,261.70444444444416,250.0,261.70444444444416,250.0,250.0,250.0,250.0,237.1444444444445,251.0,250.0,312.27999999999935,300.0,300.0,300.0,300.0,300.0,311.1288888888883,301.0,300.0,288.2955555555551,362.27999999999935,350.0,350.0,361.7044444444438,363.4311111111104,350.0,363.4311111111104,337.7199999999995,361.1288888888883,350.0,412.27999999999935,400.0,400.0,400.0,388.2955555555551,400.0,400.0,400.0,412.27999999999935,388.2955555555551,461.1288888888883,463.4311111111104,461.1288888888883,450.0,450.0,461.1288888888883,450.0,450.0,450.0,436.56888888888835,500.0,500.0,500.0,500.0,500.0,500.0,500.0,500.0,512.8555555555549,14399.0
493.5588695655455,56.01660189972175,92.97396741937777,212.95071653104506,264.0764096217271,300.0,350.0,406.29200686607106,401.0,493.7747654507773,42.90000000000002,103.16916537415914,150.0,205.43981950351585,206.03741957895267,251.0,350.0,344.0930001107791,401.0,494.1244584487546,55.496748743721945,55.96491489212834,150.0,214.2555814497764,201.0,244.94682566931846,355.226798423849,351.0,386.7169255823458,493.9880278888333,55.96015082451456,56.289443584684264,154.70411000202867,151.0,262.65315566931395,294.0533118656973,301.0,335.9202431726109,401.0,444.6955440840349,53.64666666666669,104.2222222222222,151.0,200.0,250.0,256.4181898600997,357.47032082216344,344.4586275998048,443.5914515676641,445.5636179469241,501.0,56.00855225377195,154.71963700389364,151.0,256.43617731682184,251.0,301.0,342.47908817955164,401.0,493.9743958121452,50.0,106.26577834776458,106.17892384294453,144.97059552587118,195.96817408060227,301.0,350.0,406.85172943857026,443.6728090814895,451.0,493.2542108465981,56.153265305531164,94.71459733381468,144.69917718513298,243.85535691039826,244.6521717816143,301.0,336.48094194918224,401.0,444.90417512629773,55.870978858018844,112.27999999999994,105.64116024550395,200.0,250.0,236.25881292152533,350.0,351.0,450.0,506.89434671132653,50.0,55.96921560473741,101.0,137.1002377790896,194.50443849159262,300.0,294.3380895279321,413.9610668926167,386.1605613924026,493.7520385962075,50.0,63.431111111111214,50.0,50.0,50.0,62.28000000000009,62.28000000000009,50.0,51.0,50.0,86.56888888888894,100.0,111.53333333333329,100.0,100.0,100.0,112.8555555555555,113.43111111111105,87.72000000000004,101.0,162.85555555555555,150.0,151.0,150.0,150.0,150.0,150.0,150.0,137.72000000000006,150.0,200.0,200.0,185.9933333333334,213.4311111111111,212.28,200.0,200.0,200.0,213.4311111111111,200.0,262.2799999999997,250.0,262.2799999999997,250.0,250.0,250.0,250.0,236.56888888888895,251.0,250.0,312.8555555555549,300.0,300.0,300.0,300.0,300.0,311.7044444444438,301.0,300.0,287.7199999999995,362.8555555555549,350.0,350.0,362.27999999999935,364.0066666666659,350.0,364.0066666666659,337.14444444444393,361.7044444444438,350.0,412.8555555555549,400.0,400.0,400.0,387.7199999999995,400.0,400.0,400.0,412.8555555555549,387.7199999999995,461.7044444444438,464.0066666666659,461.7044444444438,450.0,450.0,461.7044444444438,450.0,450.0,450.0,435.99333333333277,500.0,500.0,500.0,500.0,500.0,500.0,500.0,500.0,513.4311111111105,14599.0
492.9833140099899,56.02660189972175,92.39841186382222,213.5262720866006,264.65196517728265,300.0,350.0,406.8675624216266,401.0,493.7647654507773,42.32444444444447,103.74472092971469,150.0,206.0153750590714,206.04741957895266,251.0,350.0,343.5174445552235,401.0,494.1144584487546,56.072304299277505,55.97491489212834,150.0,214.83113700533195,201.0,244.3712701137629,355.80235397940453,351.0,386.14137002679024,493.9780278888333,56.53570638007012,56.29944358468426,155.27966555758422,151.0,263.22871122486947,294.0433118656973,301.0,335.34468761705534,401.0,444.1199885284793,54.22222222222225,104.79777777777775,151.0,200.0,250.0,256.4281898600997,358.04587637771897,343.8830720442492,443.5814515676641,444.98806239136854,501.0,56.01855225377195,155.2951925594492,151.0,257.01173287237737,251.0,301.0,341.90353262399606,401.0,493.9643958121452,50.0,106.84133390332013,106.18892384294453,144.39503997031562,195.39261852504671,301.0,350.0,407.4272849941258,443.6628090814895,451.0,492.6786552910425,56.16326530553116,94.13904177825913,144.12362162957743,243.84535691039827,244.07661622605875,301.0,335.90538639362666,401.0,444.32861957074215,56.446534413574405,112.8555555555555,105.65116024550396,200.0,250.0,235.68325736596978,350.0,351.0,450.0,507.46990226688206,50.0,55.979215604737405,101.0,136.52468222353406,193.92888293603707,300.0,293.7625339723765,414.53662244817224,385.585005836847,493.7420385962075,50.0,64.00666666666677,50.0,50.0,50.0,62.855555555555654,62.855555555555654,50.0,51.0,50.0,85.99333333333338,100.0,112.10888888888884,100.0,100.0,100.0,113.43111111111105,114.0066666666666,87.14444444444449,101.0,163.4311111111111,150.0,151.0,150.0,150.0,150.0,150.0,150.0,137.1444444444445,150.0,200.0,200.0,185.41777777777784,214.00666666666666,212.85555555555555,200.0,200.0,200.0,214.00666666666666,200.0,262.8555555555552,250.0,262.8555555555552,250.0,250.0,250.0,250.0,235.9933333333334,251.0,250.0,313.4311111111104,300.0,300.0,300.0,300.0,300.0,312.27999999999935,301.0,300.0,287.14444444444393,363.4311111111104,350.0,350.0,362.8555555555549,364.58222222222145,350.0,364.58222222222145,336.56888888888835,362.27999999999935,350.0,413.4311111111104,400.0,400.0,400.0,387.14444444444393,400.0,400.0,400.0,413.4311111111104,387.14444444444393,462.27999999999935,464.58222222222145,462.27999999999935,450.0,450.0,462.27999999999935,450.0,450.0,450.0,435.4177777777772,500.0,500.0,500.0,500.0,500.0,500.0,500.0,500.0,514.006666666666,14799.0
492.4077584544343,56.036601899721745,91.82285630826667,214.10182764215617,265.2275207328382,300.0,350.0,407.4431179771821,401.0,493.7547654507773,41.748888888888914,104.32027648527024,150.0,206.59093061462696,206.05741957895265,251.0,350.0,342.9418889996679,401.0,494.1044584487546,56.647859854833065,55.98491489212834,150.0,215.4066925608875,201.0,243.79571455820735,356.37790953496005,351.0,385.56581447123466,493.9680278888333,57.11126193562568,56.30944358468426,155.85522111313978,151.0,263.804266780425,294.0333118656973,301.0,334.76913206149976,401.0,443.54443297292374,54.79777777777781,105.3733333333333,151.0,200.0,250.0,256.43818986009967,358.6214319332745,343.30751648869364,443.5714515676641,444.41250683581296,501.0,56.02855225377195,155.87074811500474,151.0,257.5872884279329,251.0,301.0,341.3279770684405,401.0,493.9543958121452,50.0,107.41688945887569,106.19892384294454,143.81948441476007,194.81706296949116,301.0,350.0,408.0028405496813,443.6528090814895,451.0,492.1030997354869,56.17326530553116,93.56348622270357,143.54806607402188,243.83535691039827,243.5010606705032,301.0,335.3298308380711,401.0,443.75306401518657,57.022089969129965,113.43111111111105,105.66116024550396,200.0,250.0,235.10770181041423,350.0,351.0,450.0,508.0454578224376,50.0,55.9892156047374,101.0,135.9491266679785,193.35332738048152,300.0,293.1869784168209,415.11217800372776,385.00945028129144,493.73203859620753,50.0,64.58222222222233,50.0,50.0,50.0,63.431111111111214,63.431111111111214,50.0,51.0,50.0,85.41777777777783,100.0,112.6844444444444,100.0,100.0,100.0,114.0066666666666,114.58222222222216,86.56888888888894,101.0,164.00666666666666,150.0,151.0,150.0,150.0,150.0,150.0,150.0,136.56888888888895,150.0,200.0,200.0,184.8422222222223,214.5822222222222,213.4311111111111,200.0,200.0,200.0,214.5822222222222,200.0,263.43111111111074,250.0,263.43111111111074,250.0,250.0,250.0,250.0,235.41777777777784,251.0,250.0,314.0066666666659,300.0,300.0,300.0,300.0,300.0,312.8555555555549,301.0,300.0,286.56888888888835,364.0066666666659,350.0,350.0,363.4311111111104,365.15777777777697,350.0,365.15777777777697,335.99333333333277,362.8555555555549,350.0,414.0066666666659,400.0,400.0,400.0,386.56888888888835,400.0,400.0,400.0,414.0066666666659,386.56888888888835,462.8555555555549,465.15777777777697,462.8555555555549,450.0,450.0,462.8555555555549,450.0,450.0,450.0,434.8422222222216,500.0,500.0,500.0,500.0,500.0,500.0,500.0,500.0,514.5822222222215,14999.0
491.83220289887873,56.04660189972174,91.24730075271111,214.67738319771172,265.8030762883937,300.0,350.0,408.01867353273764,401.0,493.7447654507773,41.17333333333336,104.8958320408258,150.0,207.1664861701825,206.06741957895264,251.0,350.0,342.36633344411234,401.0,494.0944584487546,57.223415410388625,55.994914892128335,150.0,215.98224811644306,201.0,243.2201590026518,356.9534650905156,351.0,384.9902589156791,493.9580278888333,57.68681749118124,56.31944358468426,156.43077666869533,151.0,264.3798223359805,294.02331186569734,301.0,334.1935765059442,401.0,442.96887741736816,55.37333333333337,105.94888888888886,151.0,200.0,250.0,256.44818986009966,359.19698748883,342.73196093313805,443.5614515676641,443.8369512802574,501.0,56.03855225377195,156.4463036705603,151.0,258.1628439834884,251.0,301.0,340.7524215128849,401.0,493.9443958121452,50.0,107.99244501443124,106.20892384294454,143.24392885920452,194.2415074139356,301.0,350.0,408.57839610523683,443.64280908148953,451.0,491.52754417993134,56.18326530553116,92.98793066714802,142.97251051846632,243.82535691039828,242.92550511494764,301.0,334.7542752825155,401.0,443.177508459631,57.597645524685525,114.0066666666666,105.67116024550397,200.0,250.0,234.53214625485867,350.0,351.0,450.0,508.6210133779931,50.0,55.9992156047374,101.0,135.37357111242295,192.77777182492596,300.0,292.61142286126534,415.6877335592833,384.43389472573585,493.72203859620754,50.0,65.15777777777788,50.0,50.0,50.0,64.00666666666677,64.00666666666677,50.0,51.0,50.0,84.84222222222228,100.0,113.25999999999995,100.0,100.0,100.0,114.58222222222216,115.15777777777771,85.99333333333338,101.0,164.5822222222222,150.0,151.0,150.0,150.0,150.0,150.0,150.0,135.9933333333334,150.0,200.0,200.0,184.26666666666674,215.15777777777777,214.00666666666666,200.0,200.0,200.0,215.15777777777777,200.0,264.00666666666626,250.0,264.00666666666626,250.0,250.0,250.0,250.0,234.8422222222223,251.0,250.0,314.58222222222145,300.0,300.0,300.0,300.0,300.0,313.4311111111104,301.0,300.0,285.99333333333277,364.58222222222145,350.0,350.0,364.0066666666659,365.7333333333325,350.0,365.7333333333325,335.4177777777772,363.4311111111104,350.0,414.58222222222145,400.0,400.0,400.0,385.99333333333277,400.0,400.0,400.0,414.58222222222145,385.99333333333277,463.4311111111104,465.7333333333325,463.4311111111104,450.0,450.0,463.4311111111104,450.0,450.0,450.0,434.266666666666,500.0,500.0,500.0,500.0,500.0,500.0,500.0,500.0,515.157777777777,15199.0
491.25664734332315,56.05660189972174,90.67174519715556,215.25293875326727,266.3786318439492,300.0,350.0,408.59422908829316,401.0,493.73476545077733,40.59777777777781,105.47138759638135,150.0,207.74204172573806,206.07741957895263,251.0,350.0,341.79077788855676,401.0,494.0844584487546,57.798970965944186,56.00491489212833,150.0,216.5578036719986,201.0,242.64460344709624,357.5290206460711,351.0,384.4147033601235,493.94802788883334,58.2623730467368,56.329443584684256,157.00633222425088,151.0,264.95537789153605,294.01331186569735,301.0,333.6180209503886,401.0,442.3933218618126,55.94888888888893,106.52444444444441,151.0,200.0,250.0,256.45818986009965,359.77254304438554,342.1564053775825,443.5514515676641,443.2613957247018,501.0,56.048552253771945,157.02185922611585,151.0,258.73839953904394,251.0,301.0,340.1768659573293,401.0,493.9343958121452,50.0,108.5680005699868,106.21892384294455,142.66837330364896,193.66595185838005,301.0,350.0,409.15395166079236,443.63280908148954,451.0,490.95198862437576,56.193265305531156,92.41237511159247,142.39695496291077,243.8153569103983,242.3499495593921,301.0,334.1787197269599,401.0,442.6019529040754,58.173201080241085,114.58222222222216,105.68116024550397,200.0,250.0,233.95659069930312,350.0,351.0,450.0,509.19656893354863,50.0,56.0092156047374,101.0,134.7980155568674,192.2022162693704,300.0,292.03586730570976,416.2632891148388,383.8583391701803,493.71203859620755,50.0,65.73333333333343,50.0,50.0,50.0,64.58222222222233,64.58222222222233,50.0,51.0,50.0,84.26666666666672,100.0,113.8355555555555,100.0,100.0,100.0,115.15777777777771,115.73333333333326,85.41777777777783,101.0,165.15777777777777,150.0,151.0,150.0,150.0,150.0,150.0,150.0,135.41777777777784,150.0,200.0,200.0,183.69111111111118,215.73333333333332,214.5822222222222,200.0,200.0,200.0,215.73333333333332,200.0,264.5822222222218,250.0,264.5822222222218,250.0,250.0,250.0,250.0,234.26666666666674,251.0,250.0,315.15777777777697,300.0,300.0,300.0,300.0,300.0,314.0066666666659,301.0,300.0,285.4177777777772,365.15777777777697,350.0,350.0,364.58222222222145,366.308888888888,350.0,366.308888888888,334.8422222222216,364.0066666666659,350.0,415.15777777777697,400.0,400.0,400.0,385.4177777777772,400.0,400.0,400.0,415.15777777777697,385.4177777777772,464.0066666666659,466.308888888888,464.0066666666659,450.0,450.0,464.0066666666659,450.0,450.0,450.0,433.69111111111044,500.0,500.0,500.0,500.0,500.0,500.0,500.0,500.0,515.7333333333326,15399.0
490.68109178776757,56.06660189972174,90.0961896416,215.82849430882283,266.95418739950475,300.0,350.0,409.1697846438487,401.0,493.72476545077734,40.022222222222254,106.0469431519369,150.0,208.31759728129362,206.08741957895262,251.0,350.0,341.2152223330012,401.0,494.0744584487546,58.374526521499746,56.01491489212833,150.0,217.13335922755417,201.0,242.0690478915407,358.1045762016266,351.0,383.8391478045679,493.93802788883335,58.83792860229236,56.339443584684254,157.58188777980644,151.0,265.53093344709157,294.00331186569736,301.0,333.042465394833,401.0,441.817766306257,56.52444444444449,107.09999999999997,151.0,200.0,250.0,256.46818986009964,360.34809859994107,341.5808498220269,443.5414515676641,442.6858401691462,501.0,56.05855225377194,157.5974147816714,151.0,259.31395509459946,251.0,301.0,339.60131040177373,401.0,493.92439581214524,50.0,109.14355612554235,106.22892384294455,142.0928177480934,193.0903963028245,301.0,350.0,409.7295072163479,443.62280908148955,451.0,490.3764330688202,56.203265305531154,91.83681955603691,141.82139940735522,243.8053569103983,241.77439400383653,301.0,333.60316417140433,401.0,442.0263973485198,58.748756635796646,115.15777777777771,105.69116024550398,200.0,250.0,233.38103514374757,350.0,351.0,450.0,509.77212448910416,50.0,56.0192156047374,101.0,134.22246000131184,191.62666071381486,300.0,291.4603117501542,416.83884467039434,383.2827836146247,493.70203859620756,50.0,66.30888888888899,50.0,50.0,50.0,65.15777777777788,65.15777777777788,50.0,51.0,50.0,83.69111111111117,100.0,114.41111111111105,100.0,100.0,100.0,115.73333333333326,116.30888888888882,84.84222222222228,101.0,165.73333333333332,150.0,151.0,150.0,150.0,150.0,150.0,150.0,134.8422222222223,150.0,200.0,200.0,183.11555555555563,216.30888888888887,215.15777777777777,200.0,200.0,200.0,216.30888888888887,200.0,265.1577777777773,250.0,265.1577777777773,250.0,250.0,250.0,250.0,233.69111111111118,251.0,250.0,315.7333333333325,300.0,300.0,300.0,300.0,300.0,314.58222222222145,301.0,300.0,284.8422222222216,365.7333333333325,350.0,350.0,365.15777777777697,366.88444444444355,350.0,366.88444444444355,334.266666666666,364.58222222222145,350.0,415.7333333333325,400.0,400.0,400.0,384.8422222222216,400.0,400.0,400.0,415.7333333333325,384.8422222222216,464.58222222222145,466.88444444444355,464.58222222222145,450.0,450.0,464.58222222222145,450.0,450.0,450.0,433.11555555555486,500.0,500.0,500.0,500.0,500.0,500.0,500.0,500.0,516.3088888888881,15599.0
490.105536232212,56.07660189972174,89.52063408604445,216.40404986437838,267.52974295506027,300.0,350.0,409.7453401994042,401.0,493.71476545077735,39.4466666666667,106.62249870749245,150.0,208.89315283684917,206.0974195789526,251.0,350.0,340.6396667774456,401.0,494.06445844875464,58.950082077055306,56.02491489212833,150.0,217.70891478310972,201.0,241.49349233598514,358.68013175718215,351.0,383.26359224901233,493.92802788883336,59.41348415784792,56.34944358468425,158.157443335362,151.0,266.1064890026471,293.99331186569736,301.0,332.46690983927743,401.0,441.2422107507014,57.10000000000005,107.67555555555552,151.0,200.0,250.0,256.47818986009963,360.9236541554966,341.0052942664713,443.53145156766413,442.11028461359064,501.0,56.06855225377194,158.17297033722696,151.0,259.889510650155,251.0,301.0,339.02575484621815,401.0,493.91439581214524,50.0,109.7191116810979,106.23892384294456,141.51726219253786,192.51484074726895,301.0,350.0,410.3050627719034,443.61280908148956,451.0,489.8008775132646,56.21326530553115,91.26126400048136,141.24584385179966,243.7953569103983,241.19883844828098,301.0,333.02760861584875,401.0,441.45084179296424,59.324312191352206,115.73333333333326,105.70116024550398,200.0,250.0,232.80547958819201,350.0,351.0,450.0,510.3476800446597,50.0,56.029215604737395,101.0,133.6469044457563,191.0511051582593,300.0,290.8847561945986,417.41440022594986,382.7072280590691,493.69203859620757,50.0,66.88444444444454,50.0,50.0,50.0,65.73333333333343,65.73333333333343,50.0,51.0,50.0,83.11555555555562,100.0,114.98666666666661,100.0,100.0,100.0,116.30888888888882,116.88444444444437,84.26666666666672,101.0,166.30888888888887,150.0,151.0,150.0,150.0,150.0,150.0,150.0,134.26666666666674,150.0,200.0,200.0,182.54000000000008,216.88444444444443,215.73333333333332,200.0,200.0,200.0,216.88444444444443,200.0,265.73333333333284,250.0,265.73333333333284,250.0,250.0,250.0,250.0,233.11555555555563,251.0,250.0,316.308888888888,300.0,300.0,300.0,300.0,300.0,315.15777777777697,301.0,300.0,284.266666666666,366.308888888888,350.0,350.0,365.7333333333325,367.45999999999907,350.0,367.45999999999907,333.69111111111044,365.15777777777697,350.0,416.308888888888,400.0,400.0,400.0,384.266666666666,400.0,400.0,400.0,416.308888888888,384.266666666666,465.15777777777697,467.45999999999907,465.15777777777697,450.0,450.0,465.15777777777697,450.0,450.0,450.0,432.5399999999993,500.0,500.0,500.0,500.0,500.0,500.0,500.0,500.0,516.8844444444436,15799.0
489.5299806766564,56.086601899721735,88.9450785304889,216.97960541993393,268.1052985106158,300.0,350.0,410.32089575495974,401.0,493.70476545077736,38.87111111111115,107.19805426304801,150.0,209.46870839240472,206.1074195789526,251.0,350.0,340.06411122189,401.0,494.05445844875464,59.52563763261087,56.03491489212833,150.0,218.28447033866527,201.0,240.91793678042959,359.2556873127377,351.0,382.68803669345675,493.91802788883336,59.98903971340348,56.35944358468425,158.73299889091754,151.0,266.6820445582026,293.9833118656974,301.0,331.89135428372185,401.0,440.66665519514584,57.67555555555561,108.25111111111107,151.0,200.0,250.0,256.4881898600996,361.4992097110521,340.42973871091573,443.52145156766414,441.53472905803505,501.0,56.07855225377194,158.7485258927825,151.0,260.4650662057105,251.0,301.0,338.45019929066257,401.0,493.90439581214525,50.0,110.29466723665345,106.24892384294456,140.9417066369823,191.9392851917134,301.0,350.0,410.88061832745893,443.60280908148957,451.0,489.225321957709,56.22326530553115,90.68570844492581,140.6702882962441,243.78535691039832,240.62328289272543,301.0,332.45205306029317,401.0,440.87528623740866,59.899867746907766,116.30888888888882,105.71116024550399,200.0,250.0,232.22992403263646,350.0,351.0,450.0,510.9232356002152,50.0,56.03921560473739,101.0,133.07134889020074,190.47554960270375,300.0,290.309200639043,417.9899557815054,382.1316725035135,493.6820385962076,50.0,67.4600000000001,50.0,50.0,50.0,66.30888888888899,66.30888888888899,50.0,51.0,50.0,82.54000000000006,100.0,115.56222222222216,100.0,100.0,100.0,116.88444444444437,117.45999999999992,83.69111111111117,101.0,166.88444444444443,150.0,151.0,150.0,150.0,150.0,150.0,150.0,133.69111111111118,150.0,200.0,200.0,181.96444444444452,217.45999999999998,216.30888888888887,200.0,200.0,200.0,217.45999999999998,200.0,266.30888888888836,250.0,266.30888888888836,250.0,250.0,250.0,250.0,232.54000000000008,251.0,250.0,316.88444444444355,300.0,300.0,300.0,300.0,300.0,315.7333333333325,301.0,300.0,283.69111111111044,366.88444444444355,350.0,350.0,366.308888888888,368.0355555555546,350.0,368.0355555555546,333.11555555555486,365.7333333333325,350.0,416.88444444444355,400.0,400.0,400.0,383.69111111111044,400.0,400.0,400.0,416.88444444444355,383.69111111111044,465.7333333333325,468.0355555555546,465.7333333333325,450.0,450.0,465.7333333333325,450.0,450.0,450.0,431.9644444444437,500.0,500.0,500.0,500.0,500.0,500.0,500.0,500.0,517.4599999999991,15999.0
488.9544251211008,56.09660189972173,88.36952297493335,217.55516097548949,268.6808540661713,300.0,350.0,410.89645131051526,401.0,493.69476545077737,38.295555555555595,107.77360981860356,150.0,210.04426394796027,206.1174195789526,251.0,350.0,339.48855566633443,401.0,494.04445844875465,60.10119318816643,56.044914892128325,150.0,218.86002589422083,201.0,240.34238122487403,359.8312428682932,351.0,382.11248113790117,493.9080278888334,60.56459526895904,56.36944358468425,159.3085544464731,151.0,267.25760011375814,293.9733118656974,301.0,331.31579872816627,401.0,440.09109963959025,58.25111111111117,108.82666666666663,151.0,200.0,250.0,256.4981898600996,362.07476526660764,339.85418315536015,443.51145156766415,440.9591735024795,501.0,56.08855225377194,159.32408144833806,151.0,261.04062176126604,251.0,301.0,337.874643735107,401.0,493.89439581214526,50.0,110.870222792209,106.25892384294457,140.36615108142675,191.36372963615784,301.0,350.0,411.45617388301446,443.5928090814896,451.0,488.64976640215343,56.23326530553115,90.11015288937026,140.09473274068856,243.77535691039833,240.04772733716987,301.0,331.8764975047376,401.0,440.2997306818531,60.47542330246333,116.88444444444437,105.721160245504,200.0,250.0,231.6543684770809,350.0,351.0,450.0,511.49879115577073,50.0,56.04921560473739,101.0,132.49579333464519,189.8999940471482,300.0,289.73364508348743,418.5655113370609,381.55611694795795,493.6720385962076,50.0,68.03555555555565,50.0,50.0,50.0,66.88444444444454,66.88444444444454,50.0,51.0,50.0,81.96444444444451,100.0,116.13777777777771,100.0,100.0,100.0,117.45999999999992,118.03555555555548,83.11555555555562,101.0,167.45999999999998,150.0,151.0,150.0,150.0,150.0,150.0,150.0,133.11555555555563,150.0,200.0,200.0,181.38888888888897,218.03555555555553,216.88444444444443,200.0,200.0,200.0,218.03555555555553,200.0,266.8844444444439,250.0,266.8844444444439,250.0,250.0,250.0,250.0,231.96444444444452,251.0,250.0,317.45999999999907,300.0,300.0,300.0,300.0,300.0,316.308888888888,301.0,300.0,283.11555555555486,367.45999999999907,350.0,350.0,366.88444444444355,368.6111111111101,350.0,368.6111111111101,332.5399999999993,366.308888888888,350.0,417.45999999999907,400.0,400.0,400.0,383.11555555555486,400.0,400.0,400.0,417.45999999999907,383.11555555555486,466.308888888888,468.6111111111101,466.308888888888,450.0,450.0,466.308888888888,450.0,450.0,450.0,431.3888888888881,500.0,500.0,500.0,500.0,500.0,500.0,500.0,500.0,518.0355555555547,16199.0
488.37886956554524,56.10660189972173,87.7939674193778,218.13071653104504,269.25640962172685,300.0,350.0,411.4720068660708,401.0,493.6847654507774,37.72000000000004,108.34916537415911,150.0,210.61981950351583,206.12741957895258,251.0,350.0,338.91300011077885,401.0,494.03445844875466,60.67674874372199,56.05491489212832,150.0,219.43558144977638,201.0,239.76682566931848,360.4067984238487,351.0,381.5369255823456,493.8980278888334,61.1401508245146,56.379443584684246,159.88411000202865,151.0,267.83315566931367,293.9633118656974,301.0,330.7402431726107,401.0,439.5155440840347,58.82666666666673,109.40222222222218,151.0,200.0,250.0,256.5081898600996,362.65032082216317,339.27862759980457,443.50145156766416,440.3836179469239,501.0,56.098552253771935,159.89963700389362,151.0,261.61617731682156,251.0,301.0,337.2990881795514,401.0,493.88439581214527,50.0,111.44577834776456,106.26892384294457,139.7905955258712,190.7881740806023,301.0,350.0,412.03172943857,443.5828090814896,451.0,488.07421084659785,56.243265305531146,89.5345973338147,139.519177185133,243.76535691039834,239.47217178161432,301.0,331.300941949182,401.0,439.7241751262975,61.05097885801889,117.45999999999992,105.731160245504,200.0,250.0,231.07881292152535,350.0,351.0,450.0,512.0743467113263,50.0,56.05921560473739,101.0,131.92023777908963,189.32443849159264,300.0,289.15808952793185,419.14106689261644,380.98056139240236,493.6620385962076,50.0,68.6111111111112,50.0,50.0,50.0,67.4600000000001,67.4600000000001,50.0,51.0,50.0,81.38888888888896,100.0,116.71333333333327,100.0,100.0,100.0,118.03555555555548,118.61111111111103,82.54000000000006,101.0,168.03555555555553,150.0,151.0,150.0,150.0,150.0,150.0,150.0,132.54000000000008,150.0,200.0,200.0,180.81333333333342,218.6111111111111,217.45999999999998,200.0,200.0,200.0,218.6111111111111,200.0,267.4599999999994,250.0,267.4599999999994,250.0,250.0,250.0,250.0,231.38888888888897,251.0,250.0,318.0355555555546,300.0,300.0,300.0,300.0,300.0,316.88444444444355,301.0,300.0,282.5399999999993,368.0355555555546,350.0,350.0,367.45999999999907,369.18666666666564,350.0,369.18666666666564,331.9644444444437,366.88444444444355,350.0,418.0355555555546,400.0,400.0,400.0,382.5399999999993,400.0,400.0,400.0,418.0355555555546,382.5399999999993,466.88444444444355,469.18666666666564,466.88444444444355,450.0,450.0,466.88444444444355,450.0,450.0,450.0,430.81333333333254,500.0,500.0,500.0,500.0,500.0,500.0,500.0,500.0,518.6111111111102,16399.0
487.80331400998966,56.11660189972173,87.21841186382224,218.7062720866006,269.83196517728237,300.0,350.0,412.0475624216263,401.0,493.6747654507774,37.14444444444449,108.92472092971467,150.0,211.19537505907138,206.13741957895257,251.0,350.0,338.33744455522327,401.0,494.0244584487547,61.25230429927755,56.06491489212832,150.0,220.01113700533193,201.0,239.19127011376293,360.98235397940425,351.0,380.96137002679,493.8880278888334,61.71570638007016,56.389443584684244,160.4596655575842,151.0,268.4087112248692,293.9533118656974,301.0,330.1646876170551,401.0,438.9399885284791,59.40222222222229,109.97777777777773,151.0,200.0,250.0,256.5181898600996,363.2258763777187,338.703072044249,443.49145156766417,439.8080623913683,501.0,56.10855225377193,160.47519255944917,151.0,262.1917328723771,251.0,301.0,336.7235326239958,401.0,493.8743958121453,50.0,112.02133390332011,106.27892384294458,139.21503997031564,190.21261852504674,301.0,350.0,412.6072849941255,443.5728090814896,451.0,487.49865529104227,56.253265305531144,88.95904177825915,138.94362162957745,243.75535691039835,238.89661622605877,301.0,330.7253863936264,401.0,439.1486195707419,61.62653441357445,118.03555555555548,105.741160245504,200.0,250.0,230.5032573659698,350.0,351.0,450.0,512.6499022668818,50.0,56.06921560473739,101.0,131.34468222353408,188.7488829360371,300.0,288.58253397237627,419.71662244817196,380.4050058368468,493.6520385962076,50.0,69.18666666666675,50.0,50.0,50.0,68.03555555555565,68.03555555555565,50.0,51.0,50.0,80.8133333333334,100.0,117.28888888888882,100.0,100.0,100.0,118.61111111111103,119.18666666666658,81.96444444444451,101.0,168.6111111111111,150.0,151.0,150.0,150.0,150.0,150.0,150.0,131.96444444444452,150.0,200.0,200.0,180.23777777777786,219.18666666666664,218.03555555555553,200.0,200.0,200.0,219.18666666666664,200.0,268.03555555555494,250.0,268.03555555555494,250.0,250.0,250.0,250.0,230.81333333333342,251.0,250.0,318.6111111111101,300.0,300.0,300.0,300.0,300.0,317.45999999999907,301.0,300.0,281.9644444444437,368.6111111111101,350.0,350.0,368.0355555555546,369.76222222222117,350.0,369.76222222222117,331.3888888888881,367.45999999999907,350.0,418.6111111111101,400.0,400.0,400.0,381.9644444444437,400.0,400.0,400.0,418.6111111111101,381.9644444444437,467.45999999999907,469.76222222222117,467.45999999999907,450.0,450.0,467.45999999999907,450.0,450.0,450.0,430.23777777777696,500.0,500.0,500.0,500.0,500.0,500.0,500.0,500.0,519.1866666666657,16599.0
487.2277584544341,56.12660189972173,86.64285630826669,219.28182764215614,270.4075207328379,300.0,350.0,412.62311797718183,401.0,493.6647654507774,36.568888888888935,109.50027648527022,150.0,211.77093061462693,206.14741957895257,251.0,350.0,337.7618889996677,401.0,494.0144584487547,61.82785985483311,56.07491489212832,150.0,220.58669256088749,201.0,238.61571455820737,361.5579095349598,351.0,380.3858144712344,493.8780278888334,62.29126193562572,56.39944358468424,161.03522111313976,151.0,268.9842667804247,293.9433118656974,301.0,329.5891320614995,401.0,438.3644329729235,59.97777777777785,110.55333333333328,151.0,200.0,250.0,256.5281898600996,363.8014319332742,338.1275164886934,443.4814515676642,439.2325068358127,501.0,56.11855225377193,161.05074811500472,151.0,262.7672884279326,251.0,301.0,336.14797706844024,401.0,493.8643958121453,50.0,112.59688945887567,106.28892384294458,138.6394844147601,189.63706296949118,301.0,350.0,413.18284054968103,443.5628090814896,451.0,486.9230997354867,56.26326530553114,88.3834862227036,138.3680660740219,243.74535691039836,238.32106067050321,301.0,330.14983083807084,401.0,438.57306401518633,62.20208996913001,118.61111111111103,105.75116024550401,200.0,250.0,229.92770181041425,350.0,351.0,450.0,513.2254578224373,50.0,56.079215604737385,101.0,130.76912666797853,188.17332738048154,300.0,288.0069784168207,420.2921780037275,379.8294502812912,493.6420385962076,50.0,69.7622222222223,50.0,50.0,50.0,68.6111111111112,68.6111111111112,50.0,51.0,50.0,80.23777777777785,100.0,117.86444444444437,100.0,100.0,100.0,119.18666666666658,119.76222222222214,81.38888888888896,101.0,169.18666666666664,150.0,151.0,150.0,150.0,150.0,150.0,150.0,131.38888888888897,150.0,200.0,200.0,179.6622222222223,219.7622222222222,218.6111111111111,200.0,200.0,200.0,219.7622222222222,200.0,268.61111111111046,250.0,268.61111111111046,250.0,250.0,250.0,250.0,230.23777777777786,251.0,250.0,319.18666666666564,300.0,300.0,300.0,300.0,300.0,318.0355555555546,301.0,300.0,281.3888888888881,369.18666666666564,350.0,350.0,368.6111111111101,370.3377777777767,350.0,370.3377777777767,330.81333333333254,368.0355555555546,350.0,419.18666666666564,400.0,400.0,400.0,381.3888888888881,400.0,400.0,400.0,419.18666666666564,381.3888888888881,468.0355555555546,470.3377777777767,468.0355555555546,450.0,450.0,468.0355555555546,450.0,450.0,450.0,429.6622222222214,500.0,500.0,500.0,500.0,500.0,500.0,500.0,500.0,519.7622222222212,16799.0
486.6522028988785,56.136601899721725,86.06730075271113,219.8573831977117,270.9830762883934,300.0,350.0,413.19867353273736,401.0,493.6547654507774,35.99333333333338,110.07583204082577,150.0,212.3464861701825,206.15741957895256,251.0,350.0,337.1863334441121,401.0,494.0044584487547,62.40341541038867,56.08491489212832,150.0,221.16224811644304,201.0,238.04015900265182,362.1334650905153,351.0,379.81025891567884,493.8680278888334,62.86681749118128,56.40944358468424,161.6107766686953,151.0,269.55982233598024,293.9333118656974,301.0,329.01357650594394,401.0,437.7888774173679,60.55333333333341,111.12888888888884,151.0,200.0,250.0,256.5381898600996,364.37698748882974,337.5519609331378,443.4714515676642,438.65695128025715,501.0,56.12855225377193,161.62630367056028,151.0,263.34284398348814,251.0,301.0,335.57242151288466,401.0,493.8543958121453,50.0,113.17244501443122,106.29892384294459,138.06392885920454,189.06150741393563,301.0,350.0,413.75839610523656,443.5528090814896,451.0,486.3475441799311,56.27326530553114,87.80793066714804,137.79251051846634,243.73535691039837,237.74550511494766,301.0,329.57427528251526,401.0,437.99750845963075,62.77764552468557,119.18666666666658,105.76116024550402,200.0,250.0,229.3521462548587,350.0,351.0,450.0,513.8010133779928,50.0,56.08921560473738,101.0,130.19357111242297,187.59777182492599,300.0,287.4314228612651,420.867733559283,379.2538947257356,493.6320385962076,50.0,70.33777777777786,50.0,50.0,50.0,69.18666666666675,69.18666666666675,50.0,51.0,50.0,79.6622222222223,100.0,118.43999999999993,100.0,100.0,100.0,119.76222222222214,120.33777777777769,80.8133333333334,101.0,169.7622222222222,150.0,151.0,150.0,150.0,150.0,150.0,150.0,130.81333333333342,150.0,200.0,200.0,179.08666666666676,220.33777777777775,219.18666666666664,200.0,200.0,200.0,220.33777777777775,200.0,269.186666666666,250.0,269.186666666666,250.0,250.0,250.0,250.0,229.6622222222223,251.0,250.0,319.76222222222117,300.0,300.0,300.0,300.0,300.0,318.6111111111101,301.0,300.0,280.81333333333254,369.76222222222117,350.0,350.0,369.18666666666564,370.9133333333322,350.0,370.9133333333322,330.23777777777696,368.6111111111101,350.0,419.76222222222117,400.0,400.0,400.0,380.81333333333254,400.0,400.0,400.0,419.76222222222117,380.81333333333254,468.6111111111101,470.9133333333322,468.6111111111101,450.0,450.0,468.6111111111101,450.0,450.0,450.0,429.0866666666658,500.0,500.0,500.0,500.0,500.0,500.0,500.0,500.0,520.3377777777768,16999.0
486.0766473433229,56.14660189972172,85.49174519715558,220.43293875326725,271.55863184394894,300.0,350.0,413.7742290882929,401.0,493.6447654507774,35.41777777777783,110.65138759638133,150.0,212.92204172573804,206.16741957895255,251.0,350.0,336.6107778885565,401.0,493.9944584487547,62.97897096594423,56.094914892128315,150.0,221.7378036719986,201.0,237.46460344709627,362.7090206460708,351.0,379.23470336012326,493.8580278888334,63.44237304673684,56.41944358468424,162.18633222425086,151.0,270.13537789153577,293.9233118656974,301.0,328.43802095038836,401.0,437.21332186181235,61.12888888888897,111.70444444444439,151.0,200.0,250.0,256.54818986009957,364.95254304438527,336.97640537758224,443.4614515676642,438.08139572470157,501.0,56.13855225377193,162.20185922611583,151.0,263.91839953904366,251.0,301.0,334.9968659573291,401.0,493.8443958121453,50.0,113.74800056998677,106.3089238429446,137.48837330364898,188.48595185838008,301.0,350.0,414.3339516607921,443.5428090814896,451.0,485.7719886243755,56.28326530553114,87.23237511159249,137.2169549629108,243.72535691039838,237.1699495593921,301.0,328.9987197269597,401.0,437.42195290407517,63.35320108024113,119.76222222222214,105.77116024550402,200.0,250.0,228.77659069930314,350.0,351.0,450.0,514.3765689335484,50.0,56.09921560473738,101.0,129.61801555686742,187.02221626937043,300.0,286.8558673057095,421.44328911483854,378.67833917018004,493.62203859620763,50.0,70.91333333333341,50.0,50.0,50.0,69.7622222222223,69.7622222222223,50.0,51.0,50.0,79.08666666666674,100.0,119.01555555555548,100.0,100.0,100.0,120.33777777777769,120.91333333333324,80.23777777777785,101.0,170.33777777777775,150.0,151.0,150.0,150.0,150.0,150.0,150.0,130.23777777777786,150.0,200.0,200.0,178.5111111111112,220.9133333333333,219.7622222222222,200.0,200.0,200.0,220.9133333333333,200.0,269.7622222222215,250.0,269.7622222222215,250.0,250.0,250.0,250.0,229.08666666666676,251.0,250.0,320.3377777777767,300.0,300.0,300.0,300.0,300.0,319.18666666666564,301.0,300.0,280.23777777777696,370.3377777777767,350.0,350.0,369.76222222222117,371.48888888888774,350.0,371.48888888888774,329.6622222222214,369.18666666666564,350.0,420.3377777777767,400.0,400.0,400.0,380.23777777777696,400.0,400.0,400.0,420.3377777777767,380.23777777777696,469.18666666666564,471.48888888888774,469.18666666666564,450.0,450.0,469.18666666666564,450.0,450.0,450.0,428.5111111111102,500.0,500.0,500.0,500.0,500.0,500.0,500.0,500.0,520.9133333333323,17199.0
485.50109178776734,56.15660189972172,84.91618964160003,221.0084943088228,272.13418739950447,300.0,350.0,414.3497846438484,401.0,493.6347654507774,34.842222222222276,111.22694315193688,150.0,213.4975972812936,206.17741957895254,251.0,350.0,336.03522233300095,401.0,493.9844584487547,63.55452652149979,56.10491489212831,150.0,222.31335922755414,201.0,236.8890478915407,363.28457620162635,351.0,378.6591478045677,493.8480278888334,64.0179286022924,56.429443584684236,162.76188777980641,151.0,270.7109334470913,293.91331186569744,301.0,327.8624653948328,401.0,436.63776630625676,61.70444444444453,112.27999999999994,151.0,200.0,250.0,256.55818986009956,365.5280985999408,336.40084982202666,443.4514515676642,437.505840169146,501.0,56.148552253771925,162.77741478167138,151.0,264.4939550945992,251.0,301.0,334.4213104017735,401.0,493.8343958121453,50.0,114.32355612554232,106.3189238429446,136.91281774809343,187.91039630282452,301.0,350.0,414.9095072163476,443.53280908148963,451.0,485.19643306881994,56.293265305531136,86.65681955603694,136.64139940735524,243.71535691039838,236.59439400383656,301.0,328.4231641714041,401.0,436.8463973485196,63.92875663579669,120.33777777777769,105.78116024550403,200.0,250.0,228.2010351437476,350.0,351.0,450.0,514.9521244891039,50.0,56.10921560473738,101.0,129.04246000131187,186.44666071381488,300.0,286.28031175015394,422.01884467039406,378.10278361462446,493.61203859620764,50.0,71.48888888888897,50.0,50.0,50.0,70.33777777777786,70.33777777777786,50.0,51.0,50.0,78.51111111111119,100.0,119.59111111111103,100.0,100.0,100.0,120.91333333333324,121.4888888888888,79.6622222222223,101.0,170.9133333333333,150.0,151.0,150.0,150.0,150.0,150.0,150.0,129.6622222222223,150.0,200.0,200.0,177.93555555555565,221.48888888888885,220.33777777777775,200.0,200.0,200.0,221.48888888888885,200.0,270.33777777777703,250.0,270.33777777777703,250.0,250.0,250.0,250.0,228.5111111111112,251.0,250.0,320.9133333333322,300.0,300.0,300.0,300.0,300.0,319.76222222222117,301.0,300.0,279.6622222222214,370.9133333333322,350.0,350.0,370.3377777777767,372.06444444444327,350.0,372.06444444444327,329.0866666666658,369.76222222222117,350.0,420.9133333333322,400.0,400.0,400.0,379.6622222222214,400.0,400.0,400.0,420.9133333333322,379.6622222222214,469.76222222222117,472.06444444444327,469.76222222222117,450.0,450.0,469.76222222222117,450.0,450.0,450.0,427.93555555555463,500.0,500.0,500.0,500.0,500.0,500.0,500.0,500.0,521.4888888888878,17399.0
484.92553623221175,56.16660189972172,84.34063408604447,221.58404986437836,272.70974295506,300.0,350.0,414.92534019940393,401.0,493.62476545077743,34.26666666666672,111.80249870749243,150.0,214.07315283684915,206.18741957895253,251.0,350.0,335.45966677744536,401.0,493.9744584487547,64.13008207705533,56.11491489212831,150.0,222.8889147831097,201.0,236.31349233598516,363.8601317571819,351.0,378.0835922490121,493.83802788883344,64.59348415784795,56.439443584684234,163.33744333536197,151.0,271.2864890026468,293.90331186569745,301.0,327.2869098392772,401.0,436.0622107507012,62.28000000000009,112.8555555555555,151.0,200.0,250.0,256.56818986009955,366.1036541554963,335.8252942664711,443.4414515676642,436.9302846135904,501.0,56.15855225377192,163.35297033722694,151.0,265.0695106501547,251.0,301.0,333.8457548462179,401.0,493.8243958121453,50.0,114.89911168109788,106.3289238429446,136.33726219253788,187.33484074726897,301.0,350.0,415.48506277190313,443.52280908148964,451.0,484.62087751326436,56.303265305531134,86.08126400048138,136.06584385179968,243.7053569103984,236.018838448281,301.0,327.8476086158485,401.0,436.270841792964,64.50431219135224,120.91333333333324,105.79116024550403,200.0,250.0,227.62547958819204,350.0,351.0,450.0,515.5276800446594,50.0,56.11921560473738,101.0,128.4669044457563,185.87110515825933,300.0,285.70475619459836,422.5944002259496,377.5272280590689,493.60203859620765,50.0,72.06444444444452,50.0,50.0,50.0,70.91333333333341,70.91333333333341,50.0,51.0,50.0,77.93555555555564,100.0,120.16666666666659,100.0,100.0,100.0,121.4888888888888,122.06444444444435,79.08666666666674,101.0,171.48888888888885,150.0,151.0,150.0,150.0,150.0,150.0,150.0,129.08666666666676,150.0,200.0,200.0,177.3600000000001,222.0644444444444,220.9133333333333,200.0,200.0,200.0,222.0644444444444,200.0,270.91333333333256,250.0,270.91333333333256,250.0,250.0,250.0,250.0,227.93555555555565,251.0,250.0,321.48888888888774,300.0,300.0,300.0,300.0,300.0,320.3377777777767,301.0,300.0,279.0866666666658,371.48888888888774,350.0,350.0,370.9133333333322,372.6399999999988,350.0,372.6399999999988,328.5111111111102,370.3377777777767,350.0,421.48888888888774,400.0,400.0,400.0,379.0866666666658,400.0,400.0,400.0,421.48888888888774,379.0866666666658,470.3377777777767,472.6399999999988,470.3377777777767,450.0,450.0,470.3377777777767,450.0,450.0,450.0,427.35999999999905,500.0,500.0,500.0,500.0,500.0,500.0,500.0,500.0,522.0644444444433,17599.0
484.3499806766562,56.17660189972172,83.76507853048892,222.1596054199339,273.2852985106155,300.0,350.0,415.50089575495946,401.0,493.61476545077744,33.69111111111117,112.37805426304799,150.0,214.6487083924047,206.19741957895252,251.0,350.0,334.8841112218898,401.0,493.9644584487547,64.70563763261089,56.12491489212831,150.0,223.46447033866525,201.0,235.7379367804296,364.4356873127374,351.0,377.5080366934565,493.82802788883345,65.1690397134035,56.44944358468423,163.91299889091752,151.0,271.86204455820234,293.89331186569746,301.0,326.7113542837216,401.0,435.4866551951456,62.855555555555654,113.43111111111105,151.0,200.0,250.0,256.57818986009954,366.67920971105184,335.2497387109155,443.4314515676642,436.3547290580348,501.0,56.16855225377192,163.9285258927825,151.0,265.64506620571024,251.0,301.0,333.27019929066233,401.0,493.81439581214534,50.0,115.47466723665343,106.33892384294461,135.76170663698232,186.75928519171342,301.0,350.0,416.06061832745866,443.51280908148965,451.0,484.0453219577088,56.31326530553113,85.50570844492583,135.49028829624413,243.6953569103984,235.44328289272545,301.0,327.27205306029293,401.0,435.6952862374084,65.0798677469078,121.4888888888888,105.80116024550404,200.0,250.0,227.04992403263648,350.0,351.0,450.0,516.1032356002149,50.0,56.129215604737375,101.0,127.89134889020076,185.29554960270377,300.0,285.1292006390428,423.1699557815051,376.9516725035133,493.59203859620766,50.0,72.64000000000007,50.0,50.0,50.0,71.48888888888897,71.48888888888897,50.0,51.0,50.0,77.36000000000008,100.0,120.74222222222214,100.0,100.0,100.0,122.06444444444435,122.6399999999999,78.51111111111119,101.0,172.0644444444444,150.0,151.0,150.0,150.0,150.0,150.0,150.0,128.5111111111112,150.0,200.0,200.0,176.78444444444455,222.63999999999996,221.48888888888885,200.0,200.0,200.0,222.63999999999996,200.0,271.4888888888881,250.0,271.4888888888881,250.0,250.0,250.0,250.0,227.3600000000001,251.0,250.0,322.06444444444327,300.0,300.0,300.0,300.0,300.0,320.9133333333322,301.0,300.0,278.5111111111102,372.06444444444327,350.0,350.0,371.48888888888774,373.2155555555543,350.0,373.2155555555543,327.93555555555463,370.9133333333322,350.0,422.06444444444327,400.0,400.0,400.0,378.5111111111102,400.0,400.0,400.0,422.06444444444327,378.5111111111102,470.9133333333322,473.2155555555543,470.9133333333322,450.0,450.0,470.9133333333322,450.0,450.0,450.0,426.78444444444347,500.0,500.0,500.0,500.0,500.0,500.0,500.0,500.0,522.6399999999988,17799.0
483.7744251211006,56.186601899721715,83.18952297493337,222.73516097548946,273.86085406617104,300.0,350.0,416.076451310515,401.0,493.60476545077745,33.115555555555616,112.95360981860354,150.0,215.22426394796025,206.2074195789525,251.0,350.0,334.3085556663342,401.0,493.95445844875474,65.28119318816644,56.13491489212831,150.0,224.0400258942208,201.0,235.16238122487405,365.0112428682929,351.0,376.93248113790094,493.81802788883346,65.74459526895906,56.45944358468423,164.48855444647307,151.0,272.43760011375787,293.88331186569746,301.0,326.13579872816604,401.0,434.91109963959,63.431111111111214,114.0066666666666,151.0,200.0,250.0,256.58818986009953,367.25476526660736,334.6741831553599,443.42145156766423,435.77917350247924,501.0,56.17855225377192,164.50408144833804,151.0,266.22062176126576,251.0,301.0,332.69464373510675,401.0,493.80439581214534,50.0,116.05022279220898,106.34892384294461,135.18615108142677,186.18372963615786,301.0,350.0,416.6361738830142,443.50280908148966,451.0,483.4697664021532,56.32326530553113,84.93015288937028,134.91473274068858,243.6853569103984,234.8677273371699,301.0,326.69649750473735,401.0,435.11973068185284,65.65542330246335,122.06444444444435,105.81116024550404,200.0,250.0,226.47436847708093,350.0,351.0,450.0,516.6787911557705,50.0,56.13921560473737,101.0,127.3157933346452,184.71999404714822,300.0,284.5536450834872,423.74551133706063,376.3761169479577,493.58203859620767,50.0,73.21555555555562,50.0,50.0,50.0,72.06444444444452,72.06444444444452,50.0,51.0,50.0,76.78444444444453,100.0,121.31777777777769,100.0,100.0,100.0,122.6399999999999,123.21555555555545,77.93555555555564,101.0,172.63999999999996,150.0,151.0,150.0,150.0,150.0,150.0,150.0,127.93555555555565,150.0,200.0,200.0,176.208888888889,223.2155555555555,222.0644444444444,200.0,200.0,200.0,223.2155555555555,200.0,272.0644444444436,250.0,272.0644444444436,250.0,250.0,250.0,250.0,226.78444444444455,251.0,250.0,322.6399999999988,300.0,300.0,300.0,300.0,300.0,321.48888888888774,301.0,300.0,277.93555555555463,372.6399999999988,350.0,350.0,372.06444444444327,373.79111111110984,350.0,373.79111111110984,327.35999999999905,371.48888888888774,350.0,422.6399999999988,400.0,400.0,400.0,377.93555555555463,400.0,400.0,400.0,422.6399999999988,377.93555555555463,471.48888888888774,473.79111111110984,471.48888888888774,450.0,450.0,471.48888888888774,450.0,450.0,450.0,426.2088888888879,500.0,500.0,500.0,500.0,500.0,500.0,500.0,500.0,523.2155555555544,17999.0
483.198869565545,56.19660189972171,82.61396741937781,223.31071653104502,274.43640962172657,300.0,350.0,416.6520068660705,401.0,493.59476545077746,32.54000000000006,113.52916537415909,150.0,215.7998195035158,206.2174195789525,251.0,350.0,333.7330001107786,401.0,493.94445844875474,65.856748743722,56.144914892128305,150.0,224.61558144977636,201.0,234.5868256693185,365.58679842384845,351.0,376.35692558234535,493.80802788883346,66.32015082451461,56.46944358468423,165.06411000202863,151.0,273.0131556693134,293.8733118656975,301.0,325.56024317261046,401.0,434.33554408403444,64.00666666666677,114.58222222222216,151.0,200.0,250.0,256.5981898600995,367.8303208221629,334.09862759980433,443.41145156766424,435.20361794692366,501.0,56.18855225377192,165.0796370038936,151.0,266.7961773168213,251.0,301.0,332.11908817955117,401.0,493.79439581214535,50.0,116.62577834776454,106.35892384294462,134.61059552587122,185.6081740806023,301.0,350.0,417.2117294385697,443.49280908148967,451.0,482.8942108465976,56.33326530553113,84.35459733381472,134.33917718513302,243.67535691039842,234.29217178161434,301.0,326.12094194918177,401.0,434.54417512629726,66.2309788580189,122.6399999999999,105.82116024550405,200.0,250.0,225.89881292152538,350.0,351.0,450.0,517.254346711326,50.0,56.14921560473737,101.0,126.74023777908965,184.14443849159267,300.0,283.9780895279316,424.32106689261616,375.80056139240213,493.5720385962077,50.0,73.79111111111118,50.0,50.0,50.0,72.64000000000007,72.64000000000007,50.0,51.0,50.0,76.20888888888898,100.0,121.89333333333325,100.0,100.0,100.0,123.21555555555545,123.79111111111101,77.36000000000008,101.0,173.2155555555555,150.0,151.0,150.0,150.0,150.0,150.0,150.0,127.3600000000001,150.0,200.0,200.0,175.63333333333344,223.79111111111106,222.63999999999996,200.0,200.0,200.0,223.79111111111106,200.0,272.63999999999913,250.0,272.63999999999913,250.0,250.0,250.0,250.0,226.208888888889,251.0,250.0,323.2155555555543,300.0,300.0,300.0,300.0,300.0,322.06444444444327,301.0,300.0,277.35999999999905,373.2155555555543,350.0,350.0,372.6399999999988,374.36666666666537,350.0,374.36666666666537,326.78444444444347,372.06444444444327,350.0,423.2155555555543,400.0,400.0,400.0,377.35999999999905,400.0,400.0,400.0,423.2155555555543,377.35999999999905,472.06444444444327,474.36666666666537,472.06444444444327,450.0,450.0,472.06444444444327,450.0,450.0,450.0,425.6333333333323,500.0,500.0,500.0,500.0,500.0,500.0,500.0,500.0,523.7911111111099,18199.0
482.62331400998943,56.20660189972171,82.03841186382226,223.88627208660057,275.0119651772821,300.0,350.0,417.22756242162603,401.0,493.58476545077747,31.964444444444506,114.10472092971465,150.0,216.37537505907136,206.2274195789525,251.0,350.0,333.15744455522304,401.0,493.93445844875475,66.43230429927755,56.1549148921283,150.0,225.1911370053319,201.0,234.01127011376295,366.162353979404,351.0,375.7813700267898,493.7980278888335,66.89570638007017,56.479443584684226,165.63966555758418,151.0,273.5887112248689,293.8633118656975,301.0,324.9846876170549,401.0,433.75998852847886,64.58222222222233,115.15777777777771,151.0,200.0,250.0,256.6081898600995,368.4058763777184,333.52307204424875,443.40145156766425,434.6280623913681,501.0,56.198552253771915,165.65519255944915,151.0,267.3717328723768,251.0,301.0,331.5435326239956,401.0,493.78439581214536,50.0,117.20133390332009,106.36892384294462,134.03503997031567,185.03261852504676,301.0,350.0,417.78728499412523,443.4828090814897,451.0,482.31865529104203,56.343265305531126,83.77904177825917,133.76362162957747,243.66535691039843,233.7166162260588,301.0,325.5453863936262,401.0,433.9686195707417,66.80653441357445,123.21555555555545,105.83116024550405,200.0,250.0,225.32325736596982,350.0,351.0,450.0,517.8299022668815,50.0,56.15921560473737,101.0,126.1646822235341,183.5688829360371,300.0,283.40253397237603,424.8966224481717,375.22500583684655,493.5620385962077,50.0,74.36666666666673,50.0,50.0,50.0,73.21555555555562,73.21555555555562,50.0,51.0,50.0,75.63333333333343,100.0,122.4688888888888,100.0,100.0,100.0,123.79111111111101,124.36666666666656,76.78444444444453,101.0,173.79111111111106,150.0,151.0,150.0,150.0,150.0,150.0,150.0,126.78444444444455,150.0,200.0,200.0,175.0577777777779,224.36666666666662,223.2155555555555,200.0,200.0,200.0,224.36666666666662,200.0,273.21555555555466,250.0,273.21555555555466,250.0,250.0,250.0,250.0,225.63333333333344,251.0,250.0,323.79111111110984,300.0,300.0,300.0,300.0,300.0,322.6399999999988,301.0,300.0,276.78444444444347,373.79111111110984,350.0,350.0,373.2155555555543,374.9422222222209,350.0,374.9422222222209,326.2088888888879,372.6399999999988,350.0,423.79111111110984,400.0,400.0,400.0,376.78444444444347,400.0,400.0,400.0,423.79111111110984,376.78444444444347,472.6399999999988,474.9422222222209,472.6399999999988,450.0,450.0,472.6399999999988,450.0,450.0,450.0,425.0577777777767,500.0,500.0,500.0,500.0,500.0,500.0,500.0,500.0,524.3666666666654,18399.0
482.04775845443385,56.21660189972171,81.46285630826671,224.46182764215612,275.5875207328376,300.0,350.0,417.80311797718156,401.0,493.5747654507775,31.38888888888895,114.6802764852702,150.0,216.9509306146269,206.23741957895248,251.0,350.0,332.58188899966746,401.0,493.92445844875476,67.0078598548331,56.1649148921283,150.0,225.76669256088746,201.0,233.4357145582074,366.7379095349595,351.0,375.2058144712342,493.7880278888335,67.47126193562572,56.489443584684224,166.21522111313973,151.0,274.16426678042444,293.8533118656975,301.0,324.4091320614993,401.0,433.1844329729233,65.15777777777788,115.73333333333326,151.0,200.0,250.0,256.6181898600995,368.98143193327394,332.94751648869317,443.39145156766426,434.0525068358125,501.0,56.20855225377191,166.2307481150047,151.0,267.94728842793234,251.0,301.0,330.96797706844,401.0,493.77439581214537,50.0,117.77688945887564,106.37892384294463,133.4594844147601,184.4570629694912,301.0,350.0,418.36284054968075,443.4728090814897,451.0,481.74309973548645,56.353265305531124,83.20348622270362,133.18806607402192,243.65535691039844,233.14106067050324,301.0,324.9698308380706,401.0,433.3930640151861,67.38208996913,123.79111111111101,105.84116024550406,200.0,250.0,224.74770181041427,350.0,351.0,450.0,518.405457822437,50.0,56.16921560473737,101.0,125.58912666797855,182.99332738048156,300.0,282.82697841682045,425.4721780037272,374.64945028129097,493.5520385962077,50.0,74.94222222222228,50.0,50.0,50.0,73.79111111111118,73.79111111111118,50.0,51.0,50.0,75.05777777777787,100.0,123.04444444444435,100.0,100.0,100.0,124.36666666666656,124.94222222222211,76.20888888888898,101.0,174.36666666666662,150.0,151.0,150.0,150.0,150.0,150.0,150.0,126.20888888888899,150.0,200.0,200.0,174.48222222222233,224.94222222222217,223.79111111111106,200.0,200.0,200.0,224.94222222222217,200.0,273.7911111111102,250.0,273.7911111111102,250.0,250.0,250.0,250.0,225.0577777777779,251.0,250.0,324.36666666666537,300.0,300.0,300.0,300.0,300.0,323.2155555555543,301.0,300.0,276.2088888888879,374.36666666666537,350.0,350.0,373.79111111110984,375.5177777777764,350.0,375.5177777777764,325.6333333333323,373.2155555555543,350.0,424.36666666666537,400.0,400.0,400.0,376.2088888888879,400.0,400.0,400.0,424.36666666666537,376.2088888888879,473.2155555555543,475.5177777777764,473.2155555555543,450.0,450.0,473.2155555555543,450.0,450.0,450.0,424.48222222222114,500.0,500.0,500.0,500.0,500.0,500.0,500.0,500.0,524.942222222221,18599.0
481.47220289887827,56.22660189972171,80.88730075271116,225.03738319771168,276.16307628839314,300.0,350.0,418.3786735327371,401.0,493.5647654507775,30.813333333333393,115.25583204082575,150.0,217.52648617018247,206.24741957895247,251.0,350.0,332.0063334441119,401.0,493.9144584487548,67.58341541038865,56.1749148921283,150.0,226.34224811644302,201.0,232.86015900265184,367.313465090515,351.0,374.6302589156786,493.7780278888335,68.04681749118127,56.49944358468422,166.7907766686953,151.0,274.73982233597997,293.8433118656975,301.0,323.8335765059437,401.0,432.6088774173677,65.73333333333343,116.30888888888882,151.0,200.0,250.0,256.6281898600995,369.55698748882946,332.3719609331376,443.38145156766427,433.4769512802569,501.0,56.21855225377191,166.80630367056025,151.0,268.52284398348786,251.0,301.0,330.3924215128844,401.0,493.7643958121454,50.0,118.3524450144312,106.38892384294464,132.88392885920456,183.88150741393565,301.0,350.0,418.9383961052363,443.4628090814897,451.0,481.16754417993087,56.36326530553112,82.62793066714806,132.61251051846637,243.64535691039845,232.56550511494768,301.0,324.394275282515,401.0,432.8175084596305,67.95764552468556,124.36666666666656,105.85116024550406,200.0,250.0,224.17214625485872,350.0,351.0,450.0,518.9810133779926,50.0,56.179215604737365,101.0,125.013571112423,182.417771824926,300.0,282.25142286126487,426.04773355928273,374.0738947257354,493.5420385962077,50.0,75.51777777777784,50.0,50.0,50.0,74.36666666666673,74.36666666666673,50.0,51.0,50.0,74.48222222222232,100.0,123.6199999999999,100.0,100.0,100.0,124.94222222222211,125.51777777777767,75.63333333333343,101.0,174.94222222222217,150.0,151.0,150.0,150.0,150.0,150.0,150.0,125.63333333333344,150.0,200.0,200.0,173.90666666666678,225.51777777777772,224.36666666666662,200.0,200.0,200.0,225.51777777777772,200.0,274.3666666666657,250.0,274.3666666666657,250.0,250.0,250.0,250.0,224.48222222222233,251.0,250.0,324.9422222222209,300.0,300.0,300.0,300.0,300.0,323.79111111110984,301.0,300.0,275.6333333333323,374.9422222222209,350.0,350.0,374.36666666666537,376.09333333333194,350.0,376.09333333333194,325.0577777777767,373.79111111110984,350.0,424.9422222222209,400.0,400.0,400.0,375.6333333333323,400.0,400.0,400.0,424.9422222222209,375.6333333333323,473.79111111110984,476.09333333333194,473.79111111110984,450.0,450.0,473.79111111110984,450.0,450.0,450.0,423.90666666666556,500.0,500.0,500.0,500.0,500.0,500.0,500.0,500.0,25.0,18799.0
480.8966473433227,56.236601899721705,80.3117451971556,225.61293875326723,276.73863184394867,300.0,350.0,418.9542290882926,401.0,493.5547654507775,30.237777777777836,115.8313875963813,150.0,218.10204172573802,206.25741957895247,251.0,350.0,331.4307778885563,401.0,493.9044584487548,68.1589709659442,56.1849148921283,150.0,226.91780367199857,201.0,232.2846034470963,367.88902064607055,351.0,374.054703360123,493.7680278888335,68.62237304673683,56.50944358468422,167.36633222425084,151.0,275.3153778915355,293.8333118656975,301.0,323.25802095038813,401.0,432.0333218618121,66.30888888888899,116.88444444444437,151.0,200.0,250.0,256.6381898600995,370.132543044385,331.796405377582,443.3714515676643,432.90139572470133,501.0,56.22855225377191,167.3818592261158,151.0,269.0983995390434,251.0,301.0,329.81686595732884,401.0,493.7543958121454,50.0,118.92800056998675,106.39892384294464,132.308373303649,183.3059518583801,301.0,350.0,419.5139516607918,443.4528090814897,451.0,480.5919886243753,56.37326530553112,82.05237511159251,132.0369549629108,243.63535691039846,231.98994955939213,301.0,323.81871972695944,401.0,432.24195290407494,68.53320108024111,124.94222222222211,105.86116024550407,200.0,250.0,223.59659069930316,350.0,351.0,450.0,519.5565689335481,50.0,56.18921560473736,101.0,124.43801555686744,181.84221626937045,300.0,281.6758673057093,426.62328911483826,373.4983391701798,493.5320385962077,50.0,76.09333333333339,50.0,50.0,50.0,74.94222222222228,74.94222222222228,50.0,51.0,50.0,73.90666666666677,100.0,124.19555555555546,100.0,100.0,100.0,125.51777777777767,126.09333333333322,75.05777777777787,101.0,175.51777777777772,150.0,151.0,150.0,150.0,150.0,150.0,150.0,125.05777777777789,150.0,200.0,200.0,173.33111111111123,226.09333333333328,224.94222222222217,200.0,200.0,200.0,226.09333333333328,200.0,274.94222222222123,250.0,274.94222222222123,250.0,250.0,250.0,250.0,223.90666666666678,251.0,250.0,325.5177777777764,300.0,300.0,300.0,300.0,300.0,324.36666666666537,301.0,300.0,275.0577777777767,375.5177777777764,350.0,350.0,374.9422222222209,376.66888888888747,350.0,376.66888888888747,324.48222222222114,374.36666666666537,350.0,425.5177777777764,400.0,400.0,400.0,375.0577777777767,400.0,400.0,400.0,425.5177777777764,375.0577777777767,474.36666666666537,476.66888888888747,474.36666666666537,450.0,450.0,474.36666666666537,450.0,450.0,450.0,423.33111111111,500.0,500.0,500.0,500.0,500.0,500.0,500.0,500.0,25.575555555555557,18999.0
480.3210917877671,56.2466018997217,79.73618964160005,226.18849430882278,277.3141873995042,300.0,350.0,419.52978464384813,401.0,493.5447654507775,29.66222222222228,116.40694315193686,150.0,218.67759728129357,206.26741957895246,251.0,350.0,330.8552223330007,401.0,493.8944584487548,68.73452652149976,56.194914892128295,150.0,227.49335922755412,201.0,231.70904789154073,368.4645762016261,351.0,373.47914780456745,493.7580278888335,69.19792860229238,56.51944358468422,167.9418877798064,151.0,275.890933447091,293.8233118656975,301.0,322.68246539483255,401.0,431.45776630625653,66.88444444444454,117.45999999999992,151.0,200.0,250.0,256.6481898600995,370.7080985999405,331.2208498220264,443.3614515676643,432.32584016914575,501.0,56.23855225377191,167.95741478167136,151.0,269.6739550945989,251.0,301.0,329.24131040177326,401.0,493.7443958121454,50.0,119.5035561255423,106.40892384294465,131.73281774809345,182.73039630282454,301.0,350.0,420.08950721634733,443.4428090814897,451.0,480.0164330688197,56.38326530553112,81.47681955603696,131.46139940735526,243.62535691039847,231.41439400383658,301.0,323.24316417140386,401.0,431.66639734851935,69.10875663579667,125.51777777777767,105.87116024550407,200.0,250.0,223.0210351437476,350.0,351.0,450.0,520.1321244891036,50.0,56.19921560473736,101.0,123.86246000131189,181.2666607138149,300.0,281.1003117501537,427.1988446703938,372.9227836146242,493.5220385962077,50.0,76.66888888888894,50.0,50.0,50.0,75.51777777777784,75.51777777777784,50.0,51.0,50.0,73.33111111111121,100.0,124.77111111111101,100.0,100.0,100.0,126.09333333333322,126.66888888888877,74.48222222222232,101.0,176.09333333333328,150.0,151.0,150.0,150.0,150.0,150.0,150.0,124.48222222222233,150.0,200.0,200.0,172.75555555555567,226.66888888888883,225.51777777777772,200.0,200.0,200.0,226.66888888888883,200.0,275.51777777777676,250.0,275.51777777777676,250.0,250.0,250.0,250.0,223.33111111111123,251.0,250.0,326.09333333333194,300.0,300.0,300.0,300.0,300.0,324.9422222222209,301.0,300.0,274.48222222222114,376.09333333333194,350.0,350.0,375.5177777777764,377.244444444443,350.0,377.244444444443,323.90666666666556,374.9422222222209,350.0,426.09333333333194,400.0,400.0,400.0,374.48222222222114,400.0,400.0,400.0,426.09333333333194,374.48222222222114,474.9422222222209,477.244444444443,474.9422222222209,450.0,450.0,474.9422222222209,450.0,450.0,450.0,422.7555555555544,500.0,500.0,500.0,500.0,500.0,500.0,500.0,500.0,26.151111111111113,19199.0
479.7455362322115,56.2566018997217,79.1606340860445,226.76404986437834,277.8897429550597,300.0,350.0,420.10534019940366,401.0,493.5347654507775,29.086666666666723,116.98249870749241,150.0,219.25315283684913,206.27741957895245,251.0,350.0,330.27966677744513,401.0,493.8844584487548,69.31008207705531,56.20491489212829,150.0,228.06891478310968,201.0,231.13349233598518,369.0401317571816,351.0,372.90359224901187,493.7480278888335,69.77348415784793,56.529443584684216,168.51744333536195,151.0,276.46648900264654,293.81331186569753,301.0,322.10690983927697,401.0,430.88221075070095,67.4600000000001,118.03555555555548,151.0,200.0,250.0,256.65818986009947,371.28365415549604,330.64529426647084,443.3514515676643,431.75028461359017,501.0,56.248552253771905,168.5329703372269,151.0,270.24951065015443,251.0,301.0,328.6657548462177,401.0,493.7343958121454,50.0,120.07911168109786,106.41892384294465,131.1572621925379,182.154840747269,301.0,350.0,420.66506277190285,443.4328090814897,451.0,479.4408775132641,56.393265305531116,80.9012640004814,130.8858438517997,243.61535691039848,230.83883844828102,301.0,322.6676086158483,401.0,431.0908417929638,69.68431219135222,126.09333333333322,105.88116024550408,200.0,250.0,222.44547958819206,350.0,351.0,450.0,520.7076800446591,50.0,56.20921560473736,101.0,123.28690444575633,180.69110515825935,300.0,280.5247561945981,427.7744002259493,372.34722805906864,493.51203859620773,50.0,77.2444444444445,50.0,50.0,50.0,76.09333333333339,76.09333333333339,50.0,51.0,50.0,72.75555555555566,100.0,125.34666666666656,100.0,100.0,100.0,126.66888888888877,127.24444444444433,73.90666666666677,101.0,176.66888888888883,150.0,151.0,150.0,150.0,150.0,150.0,150.0,123.90666666666678,150.0,200.0,200.0,172.18000000000012,227.24444444444438,226.09333333333328,200.0,200.0,200.0,227.24444444444438,200.0,276.0933333333323,250.0,276.0933333333323,250.0,250.0,250.0,250.0,222.75555555555567,251.0,250.0,326.66888888888747,300.0,300.0,300.0,300.0,300.0,325.5177777777764,301.0,300.0,273.90666666666556,376.66888888888747,350.0,350.0,376.09333333333194,377.8199999999985,350.0,377.8199999999985,323.33111111111,375.5177777777764,350.0,426.66888888888747,400.0,400.0,400.0,373.90666666666556,400.0,400.0,400.0,426.66888888888747,373.90666666666556,475.5177777777764,477.8199999999985,475.5177777777764,450.0,450.0,475.5177777777764,450.0,450.0,450.0,422.1799999999988,500.0,500.0,500.0,500.0,500.0,500.0,500.0,500.0,26.72666666666667,19399.0
479.16998067665594,56.2666018997217,78.58507853048894,227.3396054199339,278.46529851061524,300.0,350.0,420.6808957549592,401.0,493.5247654507775,28.511111111111166,117.55805426304796,150.0,219.82870839240468,206.28741957895244,251.0,350.0,329.70411122188955,401.0,493.8744584487548,69.88563763261087,56.21491489212829,150.0,228.64447033866523,201.0,230.55793678042963,369.6156873127371,351.0,372.3280366934563,493.7380278888335,70.34903971340349,56.539443584684214,169.0929988909175,151.0,277.04204455820206,293.80331186569754,301.0,321.5313542837214,401.0,430.30665519514537,68.03555555555565,118.61111111111103,151.0,200.0,250.0,256.66818986009946,371.85920971105156,330.06973871091526,443.3414515676643,431.1747290580346,501.0,56.2585522537719,169.10852589278247,151.0,270.82506620570996,251.0,301.0,328.0901992906621,401.0,493.7243958121454,50.0,120.65466723665341,106.42892384294466,130.58170663698235,181.57928519171344,301.0,350.0,421.2406183274584,443.42280908148973,451.0,478.86532195770855,56.403265305531114,80.32570844492585,130.31028829624415,243.60535691039848,230.26328289272547,301.0,322.0920530602927,401.0,430.5152862374082,70.25986774690777,126.66888888888877,105.89116024550408,200.0,250.0,221.8699240326365,350.0,351.0,450.0,521.2832356002147,50.0,56.21921560473736,101.0,122.71134889020078,180.1155496027038,300.0,279.94920063904254,428.34995578150483,371.77167250351306,493.50203859620774,50.0,77.82000000000005,50.0,50.0,50.0,76.66888888888894,76.66888888888894,50.0,51.0,50.0,72.1800000000001,100.0,125.92222222222212,100.0,100.0,100.0,127.24444444444433,127.81999999999988,73.33111111111121,101.0,177.24444444444438,150.0,151.0,150.0,150.0,150.0,150.0,150.0,123.33111111111123,150.0,200.0,200.0,171.60444444444457,227.81999999999994,226.66888888888883,200.0,200.0,200.0,227.81999999999994,200.0,276.6688888888878,250.0,276.6688888888878,250.0,250.0,250.0,250.0,222.18000000000012,251.0,250.0,327.244444444443,300.0,300.0,300.0,300.0,300.0,326.09333333333194,301.0,300.0,273.33111111111,377.244444444443,350.0,350.0,376.66888888888747,378.39555555555404,350.0,378.39555555555404,322.7555555555544,376.09333333333194,350.0,427.244444444443,400.0,400.0,400.0,373.33111111111,400.0,400.0,400.0,427.244444444443,373.33111111111,476.09333333333194,478.39555555555404,476.09333333333194,450.0,450.0,476.09333333333194,450.0,450.0,450.0,421.60444444444323,500.0,500.0,500.0,500.0,500.0,500.0,500.0,500.0,27.302222222222227,19599.0
478.59442512110036,56.2766018997217,78.00952297493339,227.91516097548944,279.04085406617077,300.0,350.0,421.2564513105147,401.0,493.51476545077753,27.93555555555561,118.13360981860352,150.0,220.40426394796023,206.29741957895243,251.0,350.0,329.12855566633397,401.0,493.8644584487548,70.46119318816642,56.22491489212829,150.0,229.22002589422078,201.0,229.98238122487408,370.19124286829265,351.0,371.7524811379007,493.72802788883354,70.92459526895904,56.54944358468421,169.66855444647305,151.0,277.6176001137576,293.79331186569755,301.0,320.9557987281658,401.0,429.7310996395898,68.6111111111112,119.18666666666658,151.0,200.0,250.0,256.67818986009945,372.4347652666071,329.4941831553597,443.3314515676643,430.599173502479,501.0,56.2685522537719,169.68408144833802,151.0,271.4006217612655,251.0,301.0,327.5146437351065,401.0,493.7143958121454,50.0,121.23022279220896,106.43892384294466,130.0061510814268,181.00372963615789,301.0,350.0,421.8161738830139,443.41280908148974,451.0,478.28976640215296,56.41326530553111,79.7501528893703,129.7347327406886,243.5953569103985,229.68772733716992,301.0,321.5164975047371,401.0,429.9397306818526,70.83542330246333,127.24444444444433,105.90116024550409,200.0,250.0,221.29436847708095,350.0,351.0,450.0,521.8587911557702,50.0,56.229215604737355,101.0,122.13579333464523,179.53999404714824,300.0,279.37364508348696,428.92551133706036,371.1961169479575,493.49203859620775,50.0,78.3955555555556,50.0,50.0,50.0,77.2444444444445,77.2444444444445,50.0,51.0,50.0,71.60444444444455,100.0,126.49777777777767,100.0,100.0,100.0,127.81999999999988,128.39555555555543,72.75555555555566,101.0,177.81999999999994,150.0,151.0,150.0,150.0,150.0,150.0,150.0,122.75555555555567,150.0,200.0,200.0,171.028888888889,228.3955555555555,227.24444444444438,200.0,200.0,200.0,228.3955555555555,200.0,277.24444444444333,250.0,277.24444444444333,250.0,250.0,250.0,250.0,221.60444444444457,251.0,250.0,327.8199999999985,300.0,300.0,300.0,300.0,300.0,326.66888888888747,301.0,300.0,272.7555555555544,377.8199999999985,350.0,350.0,377.244444444443,378.97111111110956,350.0,378.97111111110956,322.1799999999988,376.66888888888747,350.0,427.8199999999985,400.0,400.0,400.0,372.7555555555544,400.0,400.0,400.0,427.8199999999985,372.7555555555544,476.66888888888747,478.97111111110956,476.66888888888747,450.0,450.0,476.66888888888747,450.0,450.0,450.0,421.02888888888765,500.0,500.0,500.0,500.0,500.0,500.0,500.0,500.0,27.877777777777784,19799.0
478.0188695655448,56.286601899721695,77.43396741937784,228.490716531045,279.6164096217263,300.0,350.0,421.83200686607023,401.0,493.50476545077754,27.360000000000053,118.70916537415907,150.0,220.97981950351578,206.30741957895242,251.0,350.0,328.5530001107784,401.0,493.8544584487548,71.03674874372197,56.23491489212829,150.0,229.79558144977634,201.0,229.40682566931852,370.7667984238482,351.0,371.1769255823451,493.71802788883355,71.50015082451459,56.55944358468421,170.2441100020286,151.0,278.1931556693131,293.78331186569756,301.0,320.3802431726102,401.0,429.1555440840342,69.18666666666675,119.76222222222214,151.0,200.0,250.0,256.68818986009944,373.0103208221626,328.9186275998041,443.3214515676643,430.0236179469234,501.0,56.2785522537719,170.25963700389357,151.0,271.976177316821,251.0,301.0,326.93908817955094,401.0,493.70439581214544,50.0,121.80577834776452,106.44892384294467,129.43059552587124,180.42817408060233,301.0,350.0,422.3917294385694,443.40280908148975,451.0,477.7142108465974,56.42326530553111,79.17459733381475,129.15917718513305,243.5853569103985,229.11217178161436,301.0,320.94094194918154,401.0,429.364175126297,71.41097885801888,127.81999999999988,105.91116024550409,200.0,250.0,220.7188129215254,350.0,351.0,450.0,522.4343467113257,50.0,56.23921560473735,101.0,121.56023777908968,178.9644384915927,300.0,278.7980895279314,429.5010668926159,370.6205613924019,493.48203859620776,50.0,78.97111111111116,50.0,50.0,50.0,77.82000000000005,77.82000000000005,50.0,51.0,50.0,71.028888888889,100.0,127.07333333333322,100.0,100.0,100.0,128.39555555555543,128.971111111111,72.1800000000001,101.0,178.3955555555555,150.0,151.0,150.0,150.0,150.0,150.0,150.0,122.18000000000012,150.0,200.0,200.0,170.45333333333346,228.97111111111104,227.81999999999994,200.0,200.0,200.0,228.97111111111104,200.0,277.81999999999886,250.0,277.81999999999886,250.0,250.0,250.0,250.0,221.028888888889,251.0,250.0,328.39555555555404,300.0,300.0,300.0,300.0,300.0,327.244444444443,301.0,300.0,272.1799999999988,378.39555555555404,350.0,350.0,377.8199999999985,379.5466666666651,350.0,379.5466666666651,321.60444444444323,377.244444444443,350.0,428.39555555555404,400.0,400.0,400.0,372.1799999999988,400.0,400.0,400.0,428.39555555555404,372.1799999999988,477.244444444443,479.5466666666651,477.244444444443,450.0,450.0,477.244444444443,450.0,450.0,450.0,420.45333333333207,500.0,500.0,500.0,500.0,500.0,500.0,500.0,500.0,28.45333333333334,19999.0
477.4433140099892,56.29660189972169,76.85841186382228,229.06627208660055,280.1919651772818,300.0,350.0,422.40756242162576,401.0,493.49476545077755,26.784444444444496,119.28472092971462,150.0,221.55537505907134,206.3174195789524,251.0,350.0,327.9774445552228,401.0,493.84445844875484,71.61230429927753,56.244914892128286,150.0,230.3711370053319,201.0,228.83127011376297,371.3423539794037,351.0,370.60137002678954,493.70802788883356,72.07570638007014,56.56944358468421,170.81966555758416,151.0,278.76871122486864,293.77331186569756,301.0,319.80468761705464,401.0,428.5799885284786,69.7622222222223,120.33777777777769,151.0,200.0,250.0,256.69818986009943,373.58587637771814,328.3430720442485,443.31145156766434,429.44806239136784,501.0,56.2885522537719,170.83519255944913,151.0,272.55173287237653,251.0,301.0,326.36353262399535,401.0,493.69439581214544,50.0,122.38133390332007,106.45892384294467,128.8550399703157,179.85261852504678,301.0,350.0,422.96728499412495,443.39280908148976,451.0,477.1386552910418,56.43326530553111,78.59904177825919,128.5836216295775,243.5753569103985,228.5366162260588,301.0,320.36538639362595,401.0,428.78861957074145,71.98653441357443,128.39555555555543,105.9211602455041,200.0,250.0,220.14325736596984,350.0,351.0,450.0,523.0099022668812,50.0,56.24921560473735,101.0,120.98468222353412,178.38888293603713,300.0,278.2225339723758,430.0766224481714,370.0450058368463,493.47203859620777,50.0,79.54666666666671,50.0,50.0,50.0,78.3955555555556,78.3955555555556,50.0,51.0,50.0,70.45333333333345,100.0,127.64888888888878,100.0,100.0,100.0,128.971111111111,129.54666666666654,71.60444444444455,101.0,178.97111111111104,150.0,151.0,150.0,150.0,150.0,150.0,150.0,121.60444444444457,150.0,200.0,200.0,169.8777777777779,229.5466666666666,228.3955555555555,200.0,200.0,200.0,229.5466666666666,200.0,278.3955555555544,250.0,278.3955555555544,250.0,250.0,250.0,250.0,220.45333333333346,251.0,250.0,328.97111111110956,300.0,300.0,300.0,300.0,300.0,327.8199999999985,301.0,300.0,271.60444444444323,378.97111111110956,350.0,350.0,378.39555555555404,380.1222222222206,350.0,380.1222222222206,321.02888888888765,377.8199999999985,350.0,428.97111111110956,400.0,400.0,400.0,371.60444444444323,400.0,400.0,400.0,428.97111111110956,371.60444444444323,477.8199999999985,480.1222222222206,477.8199999999985,450.0,450.0,477.8199999999985,450.0,450.0,450.0,419.8777777777765,500.0,500.0,500.0,500.0,500.0,500.0,500.0,500.0,29.028888888888897,20199.0
476.8677584544336,56.30660189972169,76.28285630826673,229.6418276421561,280.76752073283734,300.0,350.0,422.9831179771813,401.0,493.48476545077756,26.20888888888894,119.86027648527018,150.0,222.1309306146269,206.3274195789524,251.0,350.0,327.4018889996672,401.0,493.83445844875484,72.18785985483308,56.254914892128284,150.0,230.94669256088744,201.0,228.25571455820742,371.9179095349592,351.0,370.02581447123396,493.69802788883356,72.6512619356257,56.579443584684206,171.3952211131397,151.0,279.34426678042416,293.7633118656976,301.0,319.22913206149906,401.0,428.00443297292304,70.33777777777786,120.91333333333324,151.0,200.0,250.0,256.7081898600994,374.16143193327366,327.76751648869293,443.30145156766434,428.87250683581226,501.0,56.298552253771895,171.41074811500468,151.0,273.12728842793206,251.0,301.0,325.7879770684398,401.0,493.68439581214545,50.0,122.95688945887562,106.46892384294468,128.27948441476013,179.27706296949123,301.0,350.0,423.5428405496805,443.38280908148977,451.0,476.5630997354862,56.443265305531106,78.02348622270364,128.00806607402194,243.56535691039852,227.96106067050326,301.0,319.7898308380704,401.0,428.21306401518586,72.56208996912999,128.971111111111,105.9311602455041,200.0,250.0,219.5677018104143,350.0,351.0,450.0,523.5854578224368,50.0,56.25921560473735,101.0,120.40912666797857,177.81332738048158,300.0,277.6469784168202,430.65217800372693,369.46945028129073,493.4620385962078,50.0,80.12222222222226,50.0,50.0,50.0,78.97111111111116,78.97111111111116,50.0,51.0,50.0,69.8777777777779,100.0,128.22444444444434,100.0,100.0,100.0,129.54666666666654,130.1222222222221,71.028888888889,101.0,179.5466666666666,150.0,151.0,150.0,150.0,150.0,150.0,150.0,121.02888888888901,150.0,200.0,200.0,169.30222222222235,230.12222222222215,228.97111111111104,200.0,200.0,200.0,230.12222222222215,200.0,278.9711111111099,250.0,278.9711111111099,250.0,250.0,250.0,250.0,219.8777777777779,251.0,250.0,329.5466666666651,300.0,300.0,300.0,300.0,300.0,328.39555555555404,301.0,300.0,271.02888888888765,379.5466666666651,350.0,350.0,378.97111111110956,380.69777777777614,350.0,380.69777777777614,320.45333333333207,378.39555555555404,350.0,429.5466666666651,400.0,400.0,400.0,371.02888888888765,400.0,400.0,400.0,429.5466666666651,371.02888888888765,478.39555555555404,480.69777777777614,478.39555555555404,450.0,450.0,478.39555555555404,450.0,450.0,450.0,419.3022222222209,500.0,500.0,500.0,500.0,500.0,500.0,500.0,500.0,29.604444444444454,20399.0
476.29220289887803,56.31660189972169,75.70730075271118,230.21738319771165,281.34307628839287,300.0,350.0,423.5586735327368,401.0,493.47476545077757,25.633333333333383,120.43583204082573,150.0,222.70648617018244,206.3374195789524,251.0,350.0,326.82633344411164,401.0,493.82445844875485,72.76341541038863,56.26491489212828,150.0,231.522248116443,201.0,227.68015900265186,372.49346509051475,351.0,369.4502589156784,493.6880278888336,73.22681749118125,56.589443584684204,171.97077666869527,151.0,279.9198223359797,293.7533118656976,301.0,318.6535765059435,401.0,427.42887741736746,70.91333333333341,121.4888888888888,151.0,200.0,250.0,256.7181898600994,374.7369874888292,327.19196093313735,443.29145156766435,428.2969512802567,501.0,56.30855225377189,171.98630367056023,151.0,273.7028439834876,251.0,301.0,325.2124215128842,401.0,493.67439581214546,50.0,123.53244501443118,106.47892384294468,127.70392885920458,178.70150741393567,301.0,350.0,424.118396105236,443.3728090814898,451.0,475.98754417993064,56.453265305531104,77.44793066714809,127.43251051846639,243.55535691039853,227.3855051149477,301.0,319.2142752825148,401.0,427.6375084596303,73.13764552468554,129.54666666666654,105.94116024550411,200.0,250.0,218.99214625485874,350.0,351.0,450.0,524.1610133779923,50.0,56.26921560473735,101.0,119.83357111242302,177.23777182492603,300.0,277.07142286126464,431.22773355928246,368.89389472573515,493.4520385962078,50.0,80.69777777777782,50.0,50.0,50.0,79.54666666666671,79.54666666666671,50.0,51.0,50.0,69.30222222222234,100.0,128.7999999999999,100.0,100.0,100.0,130.1222222222221,130.69777777777765,70.45333333333345,101.0,180.12222222222215,150.0,151.0,150.0,150.0,150.0,150.0,150.0,120.45333333333346,150.0,200.0,200.0,168.7266666666668,230.6977777777777,229.5466666666666,200.0,200.0,200.0,230.6977777777777,200.0,279.54666666666543,250.0,279.54666666666543,250.0,250.0,250.0,250.0,219.30222222222235,251.0,250.0,330.1222222222206,300.0,300.0,300.0,300.0,300.0,328.97111111110956,301.0,300.0,270.45333333333207,380.1222222222206,350.0,350.0,379.5466666666651,381.27333333333166,350.0,381.27333333333166,319.8777777777765,378.97111111110956,350.0,430.1222222222206,400.0,400.0,400.0,370.45333333333207,400.0,400.0,400.0,430.1222222222206,370.45333333333207,478.97111111110956,481.27333333333166,478.97111111110956,450.0,450.0,478.97111111110956,450.0,450.0,450.0,418.7266666666653,500.0,500.0,500.0,500.0,500.0,500.0,500.0,500.0,30.18000000000001,20599.0
475.71664734332245,56.32660189972169,75.13174519715562,230.7929387532672,281.9186318439484,300.0,350.0,424.13422908829233,401.0,493.4647654507776,25.057777777777826,121.01138759638128,150.0,223.282041725738,206.34741957895238,251.0,350.0,326.25077788855606,401.0,493.81445844875486,73.33897096594418,56.27491489212828,150.0,232.09780367199855,201.0,227.1046034470963,373.06902064607027,351.0,368.8747033601228,493.6780278888336,73.8023730467368,56.5994435846842,172.54633222425082,151.0,280.4953778915352,293.7433118656976,301.0,318.0780209503879,401.0,426.8533218618119,71.48888888888897,122.06444444444435,151.0,200.0,250.0,256.7281898600994,375.3125430443847,326.61640537758177,443.28145156766436,427.7213957247011,501.0,56.31855225377189,172.56185922611579,151.0,274.2783995390431,251.0,301.0,324.6368659573286,401.0,493.6643958121455,50.0,124.10800056998673,106.48892384294469,127.12837330364903,178.12595185838012,301.0,350.0,424.6939516607915,443.3628090814898,451.0,475.41198862437506,56.4632653055311,76.87237511159253,126.85695496291083,243.54535691039854,226.80994955939215,301.0,318.6387197269592,401.0,427.0619529040747,73.71320108024109,130.1222222222221,105.95116024550411,200.0,250.0,218.41659069930319,350.0,351.0,450.0,524.7365689335478,50.0,56.279215604737345,101.0,119.25801555686746,176.66221626937048,300.0,276.49586730570906,431.803289114838,368.31833917017957,493.4420385962078,50.0,81.27333333333337,50.0,50.0,50.0,80.12222222222226,80.12222222222226,50.0,51.0,50.0,68.72666666666679,100.0,129.37555555555545,100.0,100.0,100.0,130.69777777777765,131.2733333333332,69.8777777777779,101.0,180.6977777777777,150.0,151.0,150.0,150.0,150.0,150.0,150.0,119.87777777777791,150.0,200.0,200.0,168.15111111111125,231.27333333333326,230.12222222222215,200.0,200.0,200.0,231.27333333333326,200.0,280.12222222222096,250.0,280.12222222222096,250.0,250.0,250.0,250.0,218.7266666666668,251.0,250.0,330.69777777777614,300.0,300.0,300.0,300.0,300.0,329.5466666666651,301.0,300.0,269.8777777777765,380.69777777777614,350.0,350.0,380.1222222222206,381.8488888888872,350.0,381.8488888888872,319.3022222222209,379.5466666666651,350.0,430.69777777777614,400.0,400.0,400.0,369.8777777777765,400.0,400.0,400.0,430.69777777777614,369.8777777777765,479.5466666666651,481.8488888888872,479.5466666666651,450.0,450.0,479.5466666666651,450.0,450.0,450.0,418.15111111110974,500.0,500.0,500.0,500.0,500.0,500.0,500.0,500.0,30.755555555555567,20799.0
475.14109178776687,56.336601899721686,74.55618964160007,231.36849430882276,282.4941873995039,300.0,350.0,424.70978464384785,401.0,493.4547654507776,525.0,121.58694315193684,150.0,223.85759728129355,206.35741957895237,251.0,350.0,325.6752223330005,401.0,493.8044584487549,73.91452652149974,56.28491489212828,150.0,232.6733592275541,201.0,226.52904789154076,373.6445762016258,351.0,368.2991478045672,493.6680278888336,74.37792860229236,56.6094435846842,173.12188777980637,151.0,281.07093344709074,293.7333118656976,301.0,317.5024653948323,401.0,426.2777663062563,72.06444444444452,122.6399999999999,151.0,200.0,250.0,256.7381898600994,375.88809859994024,326.0408498220262,443.27145156766437,427.1458401691455,501.0,56.32855225377189,173.13741478167134,151.0,274.85395509459863,251.0,301.0,324.061310401773,401.0,493.6543958121455,50.0,124.68355612554228,106.49892384294469,126.55281774809347,177.55039630282457,301.0,350.0,425.26950721634705,443.3528090814898,451.0,474.8364330688195,56.4732653055311,76.29681955603698,126.28139940735528,243.53535691039855,226.2343940038366,301.0,318.0631641714036,401.0,426.4863973485191,74.28875663579664,130.69777777777765,105.96116024550412,200.0,250.0,217.84103514374763,350.0,351.0,450.0,25.0,50.0,56.28921560473734,101.0,118.68246000131191,176.08666071381492,300.0,275.9203117501535,432.3788446703935,367.742783614624,493.4320385962078,50.0,81.84888888888892,50.0,50.0,50.0,80.69777777777782,80.69777777777782,50.0,51.0,50.0,68.15111111111123,100.0,129.951111111111,100.0,100.0,100.0,131.2733333333332,131.84888888888875,69.30222222222234,101.0,181.27333333333326,150.0,151.0,150.0,150.0,150.0,150.0,150.0,119.30222222222235,150.0,200.0,200.0,167.5755555555557,231.8488888888888,230.6977777777777,200.0,200.0,200.0,231.8488888888888,200.0,280.6977777777765,250.0,280.6977777777765,250.0,250.0,250.0,250.0,218.15111111111125,251.0,250.0,331.27333333333166,300.0,300.0,300.0,300.0,300.0,330.1222222222206,301.0,300.0,269.3022222222209,381.27333333333166,350.0,350.0,380.69777777777614,382.4244444444427,350.0,382.4244444444427,318.7266666666653,380.1222222222206,350.0,431.27333333333166,400.0,400.0,400.0,369.3022222222209,400.0,400.0,400.0,431.27333333333166,369.3022222222209,480.1222222222206,482.4244444444427,480.1222222222206,450.0,450.0,480.1222222222206,450.0,450.0,450.0,417.57555555555416,500.0,500.0,500.0,500.0,500.0,500.0,500.0,500.0,31.331111111111124,20999.0
474.5655362322113,56.34660189972168,73.98063408604452,231.94404986437831,283.06974295505944,300.0,350.0,425.2853401994034,401.0,493.4447654507776,524.4244444444445,122.16249870749239,150.0,224.4331528368491,206.36741957895237,251.0,350.0,325.0996667774449,401.0,493.7944584487549,74.49008207705529,56.294914892128276,150.0,233.24891478310965,201.0,225.9534923359852,374.2201317571813,351.0,367.72359224901163,493.6580278888336,74.95348415784791,56.6194435846842,173.69744333536192,151.0,281.64648900264626,293.7233118656976,301.0,316.92690983927673,401.0,425.7022107507007,72.64000000000007,123.21555555555545,151.0,200.0,250.0,256.7481898600994,376.46365415549576,325.4652942664706,443.2614515676644,426.57028461358993,501.0,56.33855225377189,173.7129703372269,151.0,275.42951065015416,251.0,301.0,323.48575484621745,401.0,493.6443958121455,50.0,125.25911168109783,106.5089238429447,125.97726219253792,176.974840747269,301.0,350.0,425.8450627719026,443.3428090814898,451.0,474.2608775132639,56.4832653055311,75.72126400048143,125.70584385179973,243.52535691039856,225.65883844828105,301.0,317.48760861584805,401.0,425.91084179296354,74.8643121913522,131.2733333333332,105.97116024550412,200.0,250.0,217.26547958819208,350.0,351.0,450.0,25.575555555555557,50.0,56.29921560473734,101.0,118.10690444575636,175.51110515825937,300.0,275.3447561945979,432.95440022594903,367.1672280590684,493.4220385962078,50.0,82.42444444444448,50.0,50.0,50.0,81.27333333333337,81.27333333333337,50.0,51.0,50.0,67.57555555555568,100.0,130.52666666666656,100.0,100.0,100.0,131.84888888888875,132.4244444444443,68.72666666666679,101.0,181.8488888888888,150.0,151.0,150.0,150.0,150.0,150.0,150.0,118.7266666666668,150.0,200.0,200.0,167.00000000000014,232.42444444444436,231.27333333333326,200.0,200.0,200.0,232.42444444444436,200.0,281.273333333332,250.0,281.273333333332,250.0,250.0,250.0,250.0,217.5755555555557,251.0,250.0,331.8488888888872,300.0,300.0,300.0,300.0,300.0,330.69777777777614,301.0,300.0,268.7266666666653,381.8488888888872,350.0,350.0,381.27333333333166,382.99999999999824,350.0,382.99999999999824,318.15111111110974,380.69777777777614,350.0,431.8488888888872,400.0,400.0,400.0,368.7266666666653,400.0,400.0,400.0,431.8488888888872,368.7266666666653,480.69777777777614,482.99999999999824,480.69777777777614,450.0,450.0,480.69777777777614,450.0,450.0,450.0,416.9999999999986,500.0,500.0,500.0,500.0,500.0,500.0,500.0,500.0,31.90666666666668,21199.0
473.9899806766557,56.35660189972168,73.40507853048896,232.51960541993387,283.64529851061496,300.0,350.0,425.8608957549589,401.0,493.4347654507776,523.848888888889,122.73805426304794,150.0,225.00870839240466,206.37741957895236,251.0,350.0,324.5241112218893,401.0,493.7844584487549,75.06563763261084,56.304914892128274,150.0,233.8244703386652,201.0,225.37793678042965,374.79568731273685,351.0,367.14803669345605,493.6480278888336,75.52903971340346,56.629443584684196,174.27299889091748,151.0,282.2220445582018,293.7133118656976,301.0,316.35135428372115,401.0,425.12665519514513,73.21555555555562,123.79111111111101,151.0,200.0,250.0,256.7581898600994,377.0392097110513,324.889738710915,443.2514515676644,425.99472905803435,501.0,56.348552253771885,174.28852589278245,151.0,276.0050662057097,251.0,301.0,322.91019929066186,401.0,493.6343958121455,50.0,125.83466723665339,106.5189238429447,125.40170663698237,176.39928519171346,301.0,350.0,426.4206183274581,443.3328090814898,451.0,473.6853219577083,56.4932653055311,75.14570844492587,125.13028829624417,243.51535691039857,225.0832828927255,301.0,316.91205306029246,401.0,425.33528623740796,75.43986774690775,131.84888888888875,105.98116024550413,200.0,250.0,216.68992403263653,350.0,351.0,450.0,26.151111111111113,50.0,56.30921560473734,101.0,117.5313488902008,174.93554960270382,300.0,274.7692006390423,433.52995578150455,366.5916725035128,493.4120385962078,50.0,83.00000000000003,50.0,50.0,50.0,81.84888888888892,81.84888888888892,50.0,51.0,50.0,67.00000000000013,100.0,131.1022222222221,100.0,100.0,100.0,132.4244444444443,132.99999999999986,68.15111111111123,101.0,182.42444444444436,150.0,151.0,150.0,150.0,150.0,150.0,150.0,118.15111111111125,150.0,200.0,200.0,166.4244444444446,232.99999999999991,231.8488888888888,200.0,200.0,200.0,232.99999999999991,200.0,281.84888888888753,250.0,281.84888888888753,250.0,250.0,250.0,250.0,217.00000000000014,251.0,250.0,332.4244444444427,300.0,300.0,300.0,300.0,300.0,331.27333333333166,301.0,300.0,268.15111111110974,382.4244444444427,350.0,350.0,381.8488888888872,383.57555555555376,350.0,383.57555555555376,317.57555555555416,381.27333333333166,350.0,432.4244444444427,400.0,400.0,400.0,368.15111111110974,400.0,400.0,400.0,432.4244444444427,368.15111111110974,481.27333333333166,483.57555555555376,481.27333333333166,450.0,450.0,481.27333333333166,450.0,450.0,450.0,416.424444444443,500.0,500.0,500.0,500.0,500.0,500.0,500.0,500.0,32.48222222222224,21399.0
473.4144251211001,56.36660189972168,72.82952297493341,233.09516097548942,284.2208540661705,300.0,350.0,426.4364513105144,401.0,493.4247654507776,523.2733333333334,123.3136098186035,150.0,225.5842639479602,206.38741957895235,251.0,350.0,323.94855566633373,401.0,493.7744584487549,75.6411931881664,56.31491489212827,150.0,234.40002589422076,201.0,224.8023812248741,375.37124286829237,351.0,366.57248113790047,493.6380278888336,76.10459526895902,56.639443584684194,174.84855444647303,151.0,282.7976001137573,293.70331186569763,301.0,315.77579872816557,401.0,424.55109963958955,73.79111111111118,124.36666666666656,151.0,200.0,250.0,256.76818986009937,377.6147652666068,324.31418315535944,443.2414515676644,425.41917350247877,501.0,56.35855225377188,174.864081448338,151.0,276.5806217612652,251.0,301.0,322.3346437351063,401.0,493.6243958121455,50.0,126.41022279220894,106.5289238429447,124.82615108142681,175.8237296361579,301.0,350.0,426.9961738830136,443.3228090814898,451.0,473.10976640215273,56.503265305531094,74.57015288937032,124.55473274068862,243.50535691039858,224.50772733716994,301.0,316.3364975047369,401.0,424.7597306818524,76.0154233024633,132.4244444444443,105.99116024550413,200.0,250.0,216.11436847708097,350.0,351.0,450.0,26.72666666666667,50.0,56.31921560473734,101.0,116.95579333464525,174.35999404714826,300.0,274.19364508348673,434.1055113370601,366.01611694795724,493.40203859620783,50.0,83.57555555555558,50.0,50.0,50.0,82.42444444444448,82.42444444444448,50.0,51.0,50.0,66.42444444444457,100.0,131.67777777777766,100.0,100.0,100.0,132.99999999999986,133.5755555555554,67.57555555555568,101.0,182.99999999999991,150.0,151.0,150.0,150.0,150.0,150.0,150.0,117.5755555555557,150.0,200.0,200.0,165.84888888888904,233.57555555555547,232.42444444444436,200.0,200.0,200.0,233.57555555555547,200.0,282.42444444444305,250.0,282.42444444444305,250.0,250.0,250.0,250.0,216.4244444444446,251.0,250.0,332.99999999999824,300.0,300.0,300.0,300.0,300.0,331.8488888888872,301.0,300.0,267.57555555555416,382.99999999999824,350.0,350.0,382.4244444444427,384.1511111111093,350.0,384.1511111111093,316.9999999999986,381.8488888888872,350.0,432.99999999999824,400.0,400.0,400.0,367.57555555555416,400.0,400.0,400.0,432.99999999999824,367.57555555555416,481.8488888888872,484.1511111111093,481.8488888888872,450.0,450.0,481.8488888888872,450.0,450.0,450.0,415.8488888888874,500.0,500.0,500.0,500.0,500.0,500.0,500.0,500.0,33.0577777777778,21599.0
472.83886956554454,56.37660189972168,72.25396741937786,233.67071653104497,284.796409621726,300.0,350.0,427.01200686606995,401.0,493.4147654507776,522.6977777777779,123.88916537415905,150.0,226.15981950351576,206.39741957895234,251.0,350.0,323.37300011077815,401.0,493.7644584487549,76.21674874372195,56.32491489212827,150.0,234.9755814497763,201.0,224.22682566931854,375.9467984238479,351.0,365.9969255823449,493.6280278888336,76.68015082451457,56.64944358468419,175.42411000202858,151.0,283.37315566931284,293.69331186569764,301.0,315.20024317261,401.0,423.97554408403397,74.36666666666673,124.94222222222211,151.0,200.0,250.0,256.77818986009936,378.19032082216233,323.73862759980386,443.2314515676644,424.8436179469232,501.0,56.36855225377188,175.43963700389355,151.0,277.15617731682073,251.0,301.0,321.7590881795507,401.0,493.6143958121455,50.0,126.9857783477645,106.53892384294471,124.25059552587126,175.24817408060235,301.0,350.0,427.57172943856915,443.31280908148983,451.0,472.53421084659715,56.51326530553109,73.99459733381477,123.97917718513307,243.49535691039858,223.9321717816144,301.0,315.7609419491813,401.0,424.1841751262968,76.59097885801886,132.99999999999986,106.00116024550414,200.0,250.0,215.53881292152542,350.0,351.0,450.0,27.302222222222227,50.0,56.329215604737335,101.0,116.3802377790897,173.7844384915927,300.0,273.61808952793115,434.6810668926156,365.44056139240166,493.39203859620784,50.0,84.15111111111113,50.0,50.0,50.0,83.00000000000003,83.00000000000003,50.0,51.0,50.0,65.84888888888902,100.0,132.25333333333322,100.0,100.0,100.0,133.5755555555554,134.15111111111096,67.00000000000013,101.0,183.57555555555547,150.0,151.0,150.0,150.0,150.0,150.0,150.0,117.00000000000014,150.0,200.0,200.0,165.27333333333348,234.15111111111102,232.99999999999991,200.0,200.0,200.0,234.15111111111102,200.0,282.9999999999986,250.0,282.9999999999986,250.0,250.0,250.0,250.0,215.84888888888904,251.0,250.0,333.57555555555376,300.0,300.0,300.0,300.0,300.0,332.4244444444427,301.0,300.0,266.9999999999986,383.57555555555376,350.0,350.0,382.99999999999824,384.7266666666648,350.0,384.7266666666648,316.424444444443,382.4244444444427,350.0,433.57555555555376,400.0,400.0,400.0,366.9999999999986,400.0,400.0,400.0,433.57555555555376,366.9999999999986,482.4244444444427,484.7266666666648,482.4244444444427,450.0,450.0,482.4244444444427,450.0,450.0,450.0,415.27333333333183,500.0,500.0,500.0,500.0,500.0,500.0,500.0,500.0,33.63333333333336,21799.0
472.26331400998896,56.386601899721676,71.6784118638223,234.24627208660053,285.37196517728154,300.0,350.0,427.5875624216255,401.0,493.40476545077763,522.1222222222224,124.4647209297146,150.0,226.73537505907132,206.40741957895233,251.0,350.0,322.79744455522257,401.0,493.7544584487549,76.7923042992775,56.33491489212827,150.0,235.55113700533187,201.0,223.651270113763,376.5223539794034,351.0,365.4213700267893,493.61802788883364,77.25570638007012,56.65944358468419,175.99966555758414,151.0,283.94871122486836,293.68331186569765,301.0,314.6246876170544,401.0,423.3999885284784,74.94222222222228,125.51777777777767,151.0,200.0,250.0,256.78818986009935,378.76587637771786,323.1630720442483,443.2214515676644,424.2680623913676,501.0,56.37855225377188,176.0151925594491,151.0,277.73173287237626,251.0,301.0,321.1835326239951,401.0,493.6043958121455,50.0,127.56133390332005,106.54892384294472,123.67503997031571,174.6726185250468,301.0,350.0,428.1472849941247,443.30280908148984,451.0,471.95865529104157,56.52326530553109,73.41904177825921,123.40362162957751,243.4853569103986,223.35661622605883,301.0,315.1853863936257,401.0,423.6086195707412,77.16653441357441,133.5755555555554,106.01116024550414,200.0,250.0,214.96325736596987,350.0,351.0,450.0,27.877777777777784,50.0,56.33921560473733,101.0,115.80468222353414,173.20888293603716,300.0,273.04253397237557,435.25662244817113,364.8650058368461,493.38203859620785,50.0,84.72666666666669,50.0,50.0,50.0,83.57555555555558,83.57555555555558,50.0,51.0,50.0,65.27333333333347,100.0,132.82888888888877,100.0,100.0,100.0,134.15111111111096,134.72666666666652,66.42444444444457,101.0,184.15111111111102,150.0,151.0,150.0,150.0,150.0,150.0,150.0,116.42444444444459,150.0,200.0,200.0,164.69777777777793,234.72666666666657,233.57555555555547,200.0,200.0,200.0,234.72666666666657,200.0,283.5755555555541,250.0,283.5755555555541,250.0,250.0,250.0,250.0,215.27333333333348,251.0,250.0,334.1511111111093,300.0,300.0,300.0,300.0,300.0,332.99999999999824,301.0,300.0,266.424444444443,384.1511111111093,350.0,350.0,383.57555555555376,385.30222222222034,350.0,385.30222222222034,315.8488888888874,382.99999999999824,350.0,434.1511111111093,400.0,400.0,400.0,366.424444444443,400.0,400.0,400.0,434.1511111111093,366.424444444443,482.99999999999824,485.30222222222034,482.99999999999824,450.0,450.0,482.99999999999824,450.0,450.0,450.0,414.69777777777625,500.0,500.0,500.0,500.0,500.0,500.0,500.0,500.0,34.20888888888892,21999.0
471.6877584544334,56.396601899721674,71.10285630826675,234.82182764215608,285.94752073283706,300.0,350.0,428.163117977181,401.0,493.39476545077764,521.5466666666669,125.04027648527016,150.0,227.31093061462687,206.41741957895232,251.0,350.0,322.221888999667,401.0,493.7444584487549,77.36785985483306,56.344914892128266,150.0,236.12669256088742,201.0,223.07571455820744,377.09790953495894,351.0,364.8458144712337,493.60802788883365,77.83126193562568,56.66944358468419,176.5752211131397,151.0,284.5242667804239,293.67331186569766,301.0,314.0491320614988,401.0,422.8244329729228,75.51777777777784,126.09333333333322,151.0,200.0,250.0,256.79818986009934,379.3414319332734,322.5875164886927,443.2114515676644,423.692506835812,501.0,56.38855225377188,176.59074811500466,151.0,278.3072884279318,251.0,301.0,320.60797706843954,401.0,493.59439581214554,50.0,128.1368894588756,106.55892384294472,123.09948441476016,174.09706296949125,301.0,350.0,428.7228405496802,443.29280908148985,451.0,471.383099735486,56.53326530553109,72.84348622270366,122.82806607402196,243.4753569103986,222.78106067050328,301.0,314.60983083807014,401.0,423.03306401518563,77.74208996912996,134.15111111111096,106.02116024550415,200.0,250.0,214.3877018104143,350.0,351.0,450.0,28.45333333333334,50.0,56.34921560473733,101.0,115.22912666797859,172.6333273804816,300.0,272.46697841682,435.83217800372665,364.2894502812905,493.37203859620786,50.0,85.30222222222224,50.0,50.0,50.0,84.15111111111113,84.15111111111113,50.0,51.0,50.0,64.69777777777792,100.0,133.40444444444432,100.0,100.0,100.0,134.72666666666652,135.30222222222207,65.84888888888902,101.0,184.72666666666657,150.0,151.0,150.0,150.0,150.0,150.0,150.0,115.84888888888904,150.0,200.0,200.0,164.12222222222238,235.30222222222213,234.15111111111102,200.0,200.0,200.0,235.30222222222213,200.0,284.1511111111096,250.0,284.1511111111096,250.0,250.0,250.0,250.0,214.69777777777793,251.0,250.0,334.7266666666648,300.0,300.0,300.0,300.0,300.0,333.57555555555376,301.0,300.0,265.8488888888874,384.7266666666648,350.0,350.0,384.1511111111093,385.87777777777586,350.0,385.87777777777586,315.27333333333183,383.57555555555376,350.0,434.7266666666648,400.0,400.0,400.0,365.8488888888874,400.0,400.0,400.0,434.7266666666648,365.8488888888874,483.57555555555376,485.87777777777586,483.57555555555376,450.0,450.0,483.57555555555376,450.0,450.0,450.0,414.12222222222067,500.0,500.0,500.0,500.0,500.0,500.0,500.0,500.0,34.78444444444448,22199.0
471.1122028988778,56.40660189972167,70.5273007527112,235.39738319771163,286.5230762883926,300.0,350.0,428.7386735327365,401.0,493.38476545077765,520.9711111111113,125.61583204082571,150.0,227.88648617018242,206.4274195789523,251.0,350.0,321.6463334441114,401.0,493.73445844875494,77.94341541038861,56.354914892128264,150.0,236.70224811644297,201.0,222.50015900265188,377.67346509051447,351.0,364.27025891567814,493.59802788883366,78.40681749118123,56.679443584684186,177.15077666869524,151.0,285.0998223359794,293.66331186569766,301.0,313.47357650594324,401.0,422.2488774173672,76.09333333333339,126.66888888888877,151.0,200.0,250.0,256.80818986009933,379.9169874888289,322.0119609331371,443.20145156766444,423.11695128025644,501.0,56.398552253771875,177.1663036705602,151.0,278.8828439834873,251.0,301.0,320.03242151288396,401.0,493.58439581214554,50.0,128.71244501443115,106.56892384294473,122.5239288592046,173.5215074139357,301.0,350.0,429.2983961052357,443.28280908148986,451.0,470.8075441799304,56.54326530553109,72.26793066714811,122.25251051846641,243.4653569103986,222.20550511494773,301.0,314.03427528251456,401.0,422.45750845963005,78.31764552468552,134.72666666666652,106.03116024550415,200.0,250.0,213.81214625485876,350.0,351.0,450.0,29.028888888888897,50.0,56.35921560473733,101.0,114.65357111242304,172.05777182492605,300.0,271.8914228612644,436.4077335592822,363.7138947257349,493.36203859620787,50.0,85.8777777777778,50.0,50.0,50.0,84.72666666666669,84.72666666666669,50.0,51.0,50.0,64.12222222222236,100.0,133.97999999999988,100.0,100.0,100.0,135.30222222222207,135.87777777777762,65.27333333333347,101.0,185.30222222222213,150.0,151.0,150.0,150.0,150.0,150.0,150.0,115.27333333333348,150.0,200.0,200.0,163.54666666666682,235.87777777777768,234.72666666666657,200.0,200.0,200.0,235.87777777777768,200.0,284.72666666666515,250.0,284.72666666666515,250.0,250.0,250.0,250.0,214.12222222222238,251.0,250.0,335.30222222222034,300.0,300.0,300.0,300.0,300.0,334.1511111111093,301.0,300.0,265.27333333333183,385.30222222222034,350.0,350.0,384.7266666666648,386.4533333333314,350.0,386.4533333333314,314.69777777777625,384.1511111111093,350.0,435.30222222222034,400.0,400.0,400.0,365.27333333333183,400.0,400.0,400.0,435.30222222222034,365.27333333333183,484.1511111111093,486.4533333333314,484.1511111111093,450.0,450.0,484.1511111111093,450.0,450.0,450.0,413.5466666666651,500.0,500.0,500.0,500.0,500.0,500.0,500.0,500.0,35.36000000000004,22399.0
470.5366473433222,56.41660189972167,69.95174519715565,235.9729387532672,287.0986318439481,300.0,350.0,429.31422908829205,401.0,493.37476545077766,520.3955555555558,126.19138759638126,150.0,228.46204172573798,206.4374195789523,251.0,350.0,321.0707778885558,401.0,493.72445844875494,78.51897096594416,56.36491489212826,150.0,237.27780367199853,201.0,221.92460344709633,378.24902064607,351.0,363.69470336012256,493.58802788883366,78.98237304673678,56.689443584684184,177.7263322242508,151.0,285.67537789153494,293.6533118656977,301.0,312.89802095038766,401.0,421.67332186181164,76.66888888888894,127.24444444444433,151.0,200.0,250.0,256.8181898600993,380.49254304438443,321.43640537758154,443.19145156766444,422.54139572470086,501.0,56.40855225377187,177.74185922611576,151.0,279.45839953904283,251.0,301.0,319.4568659573284,401.0,493.57439581214555,50.0,129.2880005699867,106.57892384294473,121.94837330364905,172.94595185838014,301.0,350.0,429.87395166079125,443.27280908148987,451.0,470.2319886243748,56.553265305531085,71.69237511159255,121.67695496291086,243.45535691039862,221.62994955939217,301.0,313.458719726959,401.0,421.88195290407447,78.89320108024107,135.30222222222207,106.04116024550416,200.0,250.0,213.2365906993032,350.0,351.0,450.0,29.604444444444454,50.0,56.36921560473733,101.0,114.07801555686748,171.4822162693705,300.0,271.3158673057088,436.9832891148377,363.13833917017934,493.3520385962079,50.0,86.45333333333335,50.0,50.0,50.0,85.30222222222224,85.30222222222224,50.0,51.0,50.0,63.54666666666681,100.0,134.55555555555543,100.0,100.0,100.0,135.87777777777762,136.45333333333318,64.69777777777792,101.0,185.87777777777768,150.0,151.0,150.0,150.0,150.0,150.0,150.0,114.69777777777793,150.0,200.0,200.0,162.97111111111127,236.45333333333323,235.30222222222213,200.0,200.0,200.0,236.45333333333323,200.0,285.3022222222207,250.0,285.3022222222207,250.0,250.0,250.0,250.0,213.54666666666682,251.0,250.0,335.87777777777586,300.0,300.0,300.0,300.0,300.0,334.7266666666648,301.0,300.0,264.69777777777625,385.87777777777586,350.0,350.0,385.30222222222034,387.0288888888869,350.0,387.0288888888869,314.12222222222067,384.7266666666648,350.0,435.87777777777586,400.0,400.0,400.0,364.69777777777625,400.0,400.0,400.0,435.87777777777586,364.69777777777625,484.7266666666648,487.0288888888869,484.7266666666648,450.0,450.0,484.7266666666648,450.0,450.0,450.0,412.9711111111095,500.0,500.0,500.0,500.0,500.0,500.0,500.0,500.0,35.9355555555556,22599.0
469.96109178776663,56.42660189972167,69.37618964160009,236.54849430882274,287.67418739950364,300.0,350.0,429.8897846438476,401.0,493.36476545077767,519.8200000000003,126.76694315193681,150.0,229.03759728129353,206.4474195789523,251.0,350.0,320.49522233300024,401.0,493.71445844875495,79.09452652149972,56.37491489212826,150.0,237.85335922755408,201.0,221.34904789154078,378.8245762016255,351.0,363.119147804567,493.5780278888337,79.55792860229234,56.69944358468418,178.30188777980635,151.0,286.25093344709046,293.6433118656977,301.0,312.3224653948321,401.0,421.09776630625606,77.2444444444445,127.81999999999988,151.0,200.0,250.0,256.8281898600993,381.06809859993996,320.86084982202595,443.18145156766445,421.9658401691453,501.0,56.41855225377187,178.31741478167132,151.0,280.03395509459835,251.0,301.0,318.8813104017728,401.0,493.56439581214556,50.0,129.86355612554226,106.58892384294474,121.3728177480935,172.3703963028246,301.0,350.0,430.4495072163468,443.2628090814899,451.0,469.65643306881924,56.56326530553108,71.116819556037,121.1013994073553,243.44535691039863,221.05439400383662,301.0,312.8831641714034,401.0,421.3063973485189,79.46875663579662,135.87777777777762,106.05116024550416,200.0,250.0,212.66103514374765,350.0,351.0,450.0,30.18000000000001,50.0,56.379215604737325,101.0,113.50246000131193,170.90666071381494,300.0,270.74031175015324,437.5588446703932,362.56278361462375,493.3420385962079,50.0,87.0288888888889,50.0,50.0,50.0,85.8777777777778,85.8777777777778,50.0,51.0,50.0,62.971111111111256,100.0,135.13111111111098,100.0,100.0,100.0,136.45333333333318,137.02888888888873,64.12222222222236,101.0,186.45333333333323,150.0,151.0,150.0,150.0,150.0,150.0,150.0,114.12222222222238,150.0,200.0,200.0,162.44555555555573,237.0288888888888,235.87777777777768,200.0,200.0,200.0,237.0288888888888,200.0,285.8777777777762,250.0,285.8777777777762,250.0,250.0,250.0,250.0,212.97111111111127,251.0,250.0,336.4533333333314,300.0,300.0,300.0,300.0,300.0,335.30222222222034,301.0,300.0,264.12222222222067,386.4533333333314,350.0,350.0,385.87777777777586,387.60444444444244,350.0,387.5544444444425,313.5466666666651,385.30222222222034,350.0,436.4533333333314,400.0,400.0,400.0,364.12222222222067,400.0,400.0,400.0,436.4533333333314,364.12222222222067,485.30222222222034,487.60444444444244,485.30222222222034,450.0,450.0,485.30222222222034,450.0,450.0,450.0,412.3955555555539,500.0,500.0,500.0,500.0,500.0,500.0,500.0,500.0,36.51111111111116,22799.0
469.38553623221105,56.436601899721666,68.80063408604454,237.1240498643783,288.24974295505916,300.0,350.0,430.4653401994031,401.0,493.3547654507777,519.2444444444448,127.34249870749237,150.0,229.61315283684908,206.45741957895228,251.0,350.0,319.91966677744466,401.0,493.70445844875496,79.67008207705527,56.38491489212826,150.0,238.42891478310963,201.0,220.77349233598522,379.40013175718104,351.0,362.5435922490114,493.5680278888337,80.13348415784789,56.70944358468418,178.8774433353619,151.0,286.826489002646,293.6333118656977,301.0,311.7469098392765,401.0,420.5222107507005,77.82000000000005,128.39555555555543,151.0,200.0,250.0,256.8381898600993,381.6436541554955,320.2852942664704,443.17145156766446,421.3902846135897,501.0,56.42855225377187,178.89297033722687,151.0,280.6095106501539,251.0,301.0,318.3057548462172,401.0,493.5543958121456,50.0,130.4391116810978,106.59892384294474,120.79726219253794,171.79484074726903,301.0,350.0,431.0250627719023,443.2528090814899,451.0,469.08087751326366,56.57326530553108,70.54126400048145,120.52584385179975,243.43535691039864,220.47883844828107,301.0,312.3076086158478,401.0,420.7308417929633,80.04431219135218,136.45333333333318,106.06116024550417,200.0,250.0,212.0854795881921,350.0,351.0,450.0,30.755555555555567,50.0,56.38921560473732,101.0,112.92690444575638,170.3311051582594,300.0,270.16475619459766,438.13440022594875,361.9872280590682,493.3320385962079,50.0,87.60444444444445,50.0,50.0,50.0,86.45333333333335,86.45333333333335,50.0,51.0,50.0,62.3955555555557,100.0,135.70666666666654,100.0,100.0,100.0,137.02888888888873,137.5544444444443,63.54666666666681,101.0,187.0288888888888,150.0,151.0,150.0,150.0,150.0,150.0,150.0,113.54666666666682,150.0,200.0,200.0,161.94000000000017,237.60444444444434,236.45333333333323,200.0,200.0,200.0,237.55444444444436,200.0,286.4533333333317,250.0,286.4533333333317,250.0,250.0,250.0,250.0,212.44555555555573,251.0,250.0,337.0288888888869,300.0,300.0,300.0,300.0,300.0,335.87777777777586,301.0,300.0,263.5466666666651,387.0288888888869,350.0,350.0,386.4533333333314,388.17999999999796,350.0,388.05999999999807,312.9711111111095,385.87777777777586,350.0,437.0288888888869,400.0,400.0,400.0,363.5466666666651,400.0,400.0,400.0,437.0288888888869,363.5466666666651,485.87777777777586,488.17999999999796,485.87777777777586,450.0,450.0,485.87777777777586,450.0,450.0,450.0,411.81999999999834,500.0,500.0,500.0,500.0,500.0,500.0,500.0,500.0,37.08666666666672,22999.0
468.80998067665547,56.446601899721664,68.22507853048899,237.69960541993385,288.8252985106147,300.0,350.0,431.0408957549586,401.0,493.3447654507777,518.6688888888892,127.91805426304792,150.0,230.18870839240464,206.46741957895227,251.0,350.0,319.3441112218891,401.0,493.694458448755,80.24563763261082,56.394914892128256,150.0,239.0044703386652,201.0,220.19793678042967,379.97568731273657,351.0,361.9680366934558,493.5580278888337,80.70903971340344,56.71944358468418,179.45299889091746,151.0,287.4020445582015,293.6233118656977,301.0,311.1713542837209,401.0,419.9466551951449,78.3955555555556,128.971111111111,151.0,200.0,250.0,256.8481898600993,382.219209711051,319.7097387109148,443.16145156766447,420.8147290580341,501.0,56.43855225377187,179.46852589278242,151.0,281.1850662057094,251.0,301.0,317.73019929066163,401.0,493.5443958121456,50.0,131.01466723665337,106.60892384294475,120.22170663698239,171.21928519171348,301.0,350.0,431.6006183274578,443.2428090814899,451.0,468.5053219577081,56.58326530553108,69.9657084449259,119.9502882962442,243.42535691039865,219.9032828927255,301.0,311.73205306029223,401.0,420.1552862374077,80.61986774690773,137.02888888888873,106.07116024550417,200.0,250.0,211.50992403263655,350.0,351.0,450.0,31.331111111111124,50.0,56.39921560473732,101.0,112.35134889020082,169.75554960270384,300.0,269.5892006390421,438.7099557815043,361.4116725035126,493.3220385962079,50.0,88.18,50.0,50.0,50.0,87.0288888888889,87.0288888888889,50.0,51.0,50.0,61.82000000000015,100.0,136.2822222222221,100.0,100.0,100.0,137.60444444444428,138.05999999999986,62.971111111111256,101.0,187.60444444444434,150.0,151.0,150.0,150.0,150.0,150.0,150.0,112.97111111111127,150.0,200.0,200.0,161.45444444444462,238.1799999999999,237.0288888888888,200.0,200.0,200.0,238.05999999999992,200.0,287.02888888888725,250.0,287.02888888888725,250.0,250.0,250.0,250.0,211.94000000000017,251.0,250.0,337.60444444444244,300.0,300.0,300.0,300.0,300.0,336.4533333333314,301.0,300.0,262.9711111111095,387.60444444444244,350.0,350.0,387.0288888888869,388.7555555555535,350.0,388.5455555555536,312.3955555555539,386.4533333333314,350.0,437.60444444444244,400.0,400.0,400.0,362.9711111111095,400.0,400.0,400.0,437.5544444444425,362.9711111111095,486.4533333333314,488.7555555555535,486.4533333333314,450.0,450.0,486.4533333333314,450.0,450.0,450.0,411.24444444444276,500.0,500.0,500.0,500.0,500.0,500.0,500.0,500.0,37.66222222222228,23199.0
468.2344251210999,56.45660189972166,67.64952297493343,238.2751609754894,289.4008540661702,300.0,350.0,431.61645131051415,401.0,493.3347654507777,518.0933333333337,128.4936098186035,150.0,230.7642639479602,206.47741957895227,251.0,350.0,318.7685556663335,401.0,493.684458448755,80.82119318816638,56.404914892128254,150.0,239.58002589422074,201.0,219.62238122487412,380.5512428682921,351.0,361.39248113790023,493.5480278888337,81.284595268959,56.72944358468418,180.028554446473,151.0,287.97760011375703,293.6133118656977,301.0,310.59579872816533,401.0,419.3710996395893,78.97111111111116,129.54666666666654,151.0,200.0,250.0,256.8581898600993,382.79476526660653,319.1341831553592,443.1514515676645,420.23917350247854,501.0,56.448552253771865,180.04408144833798,151.0,281.76062176126493,251.0,301.0,317.15464373510605,401.0,493.5343958121456,50.0,131.59022279220892,106.61892384294475,119.64615108142684,170.64372963615793,301.0,350.0,432.17617388301335,443.2328090814899,451.0,467.9297664021525,56.59326530553108,69.39015288937034,119.37473274068864,243.41535691039866,219.32772733716996,301.0,311.15649750473665,401.0,419.57973068185214,81.19542330246328,137.5544444444443,106.08116024550418,200.0,250.0,210.934368477081,350.0,351.0,450.0,31.90666666666668,50.0,56.40921560473732,101.0,111.77579333464527,169.17999404714828,300.0,269.0136450834865,439.2855113370598,360.836116947957,493.3120385962079,50.0,88.75555555555556,50.0,50.0,50.0,87.60444444444445,87.60444444444445,50.0,51.0,50.0,61.82000000000015,100.0,136.85777777777764,100.0,100.0,100.0,138.17999999999984,138.54555555555544,62.4455555555557,101.0,188.1799999999999,150.0,151.0,150.0,150.0,150.0,150.0,150.0,112.39555555555572,150.0,200.0,200.0,160.98888888888905,238.75555555555545,237.55444444444436,200.0,200.0,200.0,238.5455555555555,200.0,287.6044444444428,250.0,287.6044444444428,250.0,250.0,250.0,250.0,211.45444444444462,251.0,250.0,338.17999999999796,300.0,300.0,300.0,300.0,300.0,337.0288888888869,301.0,300.0,262.44555555555394,388.17999999999796,350.0,350.0,387.5544444444425,389.331111111109,350.0,389.0111111111092,311.81999999999834,387.0288888888869,350.0,438.17999999999796,400.0,400.0,400.0,362.3955555555539,400.0,400.0,400.0,438.05999999999807,362.3955555555539,487.0288888888869,488.7555555555535,487.0288888888869,450.0,450.0,487.0288888888869,450.0,450.0,450.0,410.6688888888872,500.0,500.0,500.0,500.0,500.0,500.0,500.0,500.0,38.23777777777784,23399.0
467.6588695655443,56.46660189972166,67.07396741937788,238.85071653104495,289.97640962172574,300.0,350.0,432.1920068660697,401.0,493.3247654507777,517.5177777777782,129.06916537415904,150.0,231.33981950351574,206.48741957895226,251.0,350.0,318.1930001107779,401.0,493.674458448755,81.39674874372193,56.41491489212825,150.0,240.1555814497763,201.0,219.04682566931857,381.1267984238476,351.0,360.81692558234465,493.5380278888337,81.86015082451455,56.739443584684174,180.60411000202856,151.0,288.55315566931256,293.6033118656977,301.0,310.02024317260975,401.0,418.79554408403374,79.54666666666671,130.1222222222221,151.0,200.0,250.0,256.8681898600993,383.37032082216206,318.55862759980363,443.1414515676645,419.66361794692295,501.0,56.45855225377186,180.61963700389353,151.0,282.33617731682045,251.0,301.0,316.57908817955047,401.0,493.5243958121456,50.0,132.16577834776447,106.62892384294476,119.07059552587128,170.06817408060238,301.0,350.0,432.7517294385689,443.2228090814899,451.0,467.3542108465969,56.603265305531075,68.81459733381479,118.79917718513309,243.40535691039867,218.7521717816144,301.0,310.58094194918107,401.0,419.00417512629656,81.77097885801884,138.05999999999986,106.09116024550418,200.0,250.0,210.35881292152544,350.0,351.0,450.0,32.48222222222224,50.0,56.41921560473732,101.0,111.20023777908972,168.60443849159273,300.0,268.4380895279309,439.8610668926153,360.2605613924014,493.3020385962079,50.0,89.33111111111111,50.0,50.0,50.0,88.18,88.18,50.0,51.0,50.0,61.82000000000015,100.0,137.3833333333332,100.0,100.0,100.0,138.7555555555554,139.011111111111,61.94000000000015,101.0,188.75555555555545,150.0,151.0,150.0,150.0,150.0,150.0,150.0,111.82000000000016,150.0,200.0,200.0,160.5433333333335,239.331111111111,238.05999999999992,200.0,200.0,200.0,239.01111111111106,200.0,288.1799999999983,250.0,288.1799999999983,250.0,250.0,250.0,250.0,210.98888888888905,251.0,250.0,338.7555555555535,300.0,300.0,300.0,300.0,300.0,337.60444444444244,301.0,300.0,261.9399999999984,388.7555555555535,350.0,350.0,388.05999999999807,389.90666666666453,350.0,389.4566666666648,311.24444444444276,387.60444444444244,350.0,438.7555555555535,400.0,400.0,400.0,361.81999999999834,400.0,400.0,400.0,438.5455555555536,361.81999999999834,487.5544444444425,488.7555555555535,487.60444444444244,450.0,450.0,487.5544444444425,450.0,450.0,450.0,410.0933333333316,500.0,500.0,500.0,500.0,500.0,500.0,500.0,500.0,38.813333333333404,23599.0
467.0833140099887,56.47660189972166,67.07396741937788,239.4262720866005,290.55196517728126,300.0,350.0,432.7675624216252,401.0,493.3147654507777,516.9422222222227,129.6447209297146,150.0,231.9153750590713,206.49741957895225,251.0,350.0,317.61744455522233,401.0,493.664458448755,81.97230429927748,56.42491489212825,150.0,240.73113700533185,201.0,218.471270113763,381.70235397940314,351.0,360.24137002678907,493.5280278888337,82.4357063800701,56.74944358468417,181.17966555758412,151.0,288.55315566931256,293.59331186569773,301.0,309.44468761705417,401.0,418.21998852847815,80.12222222222226,130.69777777777765,151.0,200.0,250.0,256.87818986009927,383.9458763777176,317.98307204424805,443.1314515676645,419.0880623913674,501.0,56.46855225377186,181.19519255944908,151.0,282.911732872376,251.0,301.0,316.0035326239949,401.0,493.5143958121456,50.0,132.74133390332003,106.63892384294476,118.49503997031573,169.49261852504682,301.0,350.0,433.3272849941244,443.2128090814899,451.0,466.77865529104133,56.61326530553107,68.23904177825924,118.22362162957754,243.39535691039868,218.17661622605885,301.0,310.0053863936255,401.0,418.428619570741,82.34653441357439,138.54555555555544,106.10116024550419,200.0,250.0,209.7832573659699,350.0,351.0,450.0,33.0577777777778,50.0,56.429215604737315,101.0,110.62468222353417,168.02888293603718,300.0,267.86253397237533,440.43662244817085,359.68500583684585,493.29203859620793,50.0,89.90666666666667,50.0,50.0,50.0,88.75555555555556,88.75555555555556,50.0,51.0,50.0,61.82000000000015,100.0,137.88888888888877,100.0,100.0,100.0,139.33111111111094,139.45666666666656,61.45444444444459,101.0,189.331111111111,150.0,151.0,150.0,150.0,150.0,150.0,150.0,111.24444444444461,150.0,200.0,200.0,160.11777777777795,239.90666666666655,238.5455555555555,200.0,200.0,200.0,239.45666666666662,200.0,288.7555555555538,250.0,288.7555555555538,250.0,250.0,250.0,250.0,210.5433333333335,251.0,250.0,339.331111111109,300.0,300.0,300.0,300.0,300.0,338.17999999999796,301.0,300.0,261.45444444444286,389.331111111109,350.0,350.0,388.5455555555536,390.48222222222006,350.0,389.8822222222203,310.6688888888872,388.17999999999796,350.0,439.331111111109,400.0,400.0,400.0,361.24444444444276,400.0,400.0,400.0,439.0111111111092,361.24444444444276,488.05999999999807,488.7555555555535,488.17999999999796,450.0,450.0,488.05999999999807,450.0,450.0,450.0,409.517777777776,500.0,500.0,500.0,500.0,500.0,500.0,500.0,500.0,39.388888888888964,23799.0
466.50775845443314,56.486601899721656,67.07396741937788,240.00182764215606,291.1275207328368,300.0,350.0,433.3431179771807,401.0,493.3047654507777,516.3666666666671,130.22027648527015,150.0,232.49093061462685,206.50741957895224,251.0,350.0,317.04188899966675,401.0,493.654458448755,82.54785985483304,56.43491489212825,150.0,241.3066925608874,201.0,217.89571455820746,382.27790953495867,351.0,359.6658144712335,493.5180278888337,83.01126193562565,56.75944358468417,181.75522111313967,151.0,288.55315566931256,293.58331186569774,301.0,308.8691320614986,401.0,417.6444329729226,80.69777777777782,131.2733333333332,151.0,200.0,250.0,256.88818986009926,384.5214319332731,317.40751648869247,443.1214515676645,418.5125068358118,501.0,56.47855225377186,181.77074811500464,151.0,283.4872884279315,251.0,301.0,315.4279770684393,401.0,493.5043958121456,50.0,133.31688945887558,106.64892384294477,117.91948441476018,168.91706296949127,301.0,350.0,433.9028405496799,443.20280908148993,451.0,466.20309973548575,56.62326530553107,67.66348622270368,117.64806607402198,243.38535691039868,217.6010606705033,301.0,309.4298308380699,401.0,417.8530640151854,82.92208996912994,139.011111111111,106.1111602455042,200.0,250.0,209.20770181041433,350.0,351.0,450.0,33.63333333333336,50.0,56.43921560473731,101.0,110.04912666797861,167.45332738048162,300.0,267.28697841681975,441.0121780037264,359.10945028129026,493.28203859620794,50.0,90.48222222222222,50.0,50.0,50.0,89.33111111111111,89.33111111111111,50.0,51.0,50.0,61.82000000000015,100.0,138.37444444444435,100.0,100.0,100.0,139.9066666666665,139.88222222222214,60.988888888889036,101.0,189.90666666666655,150.0,151.0,150.0,150.0,150.0,150.0,150.0,110.66888888888906,150.0,200.0,200.0,159.71222222222238,240.4822222222221,239.01111111111106,200.0,200.0,200.0,239.8822222222222,200.0,289.33111111110935,250.0,289.33111111110935,250.0,250.0,250.0,250.0,210.11777777777795,251.0,250.0,339.90666666666453,300.0,300.0,300.0,300.0,300.0,338.7555555555535,301.0,300.0,260.9888888888873,389.90666666666453,350.0,350.0,389.0111111111092,391.0577777777756,350.0,390.2877777777759,310.0933333333316,388.7555555555535,350.0,439.90666666666453,400.0,400.0,400.0,360.6688888888872,400.0,400.0,400.0,439.4566666666648,360.6688888888872,488.5455555555536,488.7555555555535,488.17999999999796,450.0,450.0,488.5455555555536,450.0,450.0,450.0,408.94222222222044,500.0,500.0,500.0,500.0,500.0,500.0,500.0,500.0,39.964444444444524,23999.0
465.93220289887756,56.496601899721654,67.07396741937788,240.5773831977116,291.7030762883923,300.0,350.0,433.91867353273625,401.0,493.29476545077773,515.7911111111116,130.7958320408257,150.0,233.0664861701824,206.51741957895223,251.0,350.0,316.46633344411117,401.0,493.644458448755,83.12341541038859,56.444914892128246,150.0,241.88224811644295,201.0,217.3201590026519,382.8534650905142,351.0,359.0902589156779,493.50802788883374,83.58681749118121,56.76944358468417,182.33077666869522,151.0,288.55315566931256,293.57331186569775,301.0,308.293576505943,401.0,417.068877417367,81.27333333333337,131.84888888888875,151.0,200.0,250.0,256.89818986009925,385.09698748882863,316.8319609331369,443.1114515676645,417.9369512802562,501.0,56.48855225377186,182.3463036705602,151.0,284.062843983487,251.0,301.0,314.8524215128837,401.0,493.4943958121456,50.0,133.89244501443113,106.65892384294477,117.34392885920462,168.34150741393572,301.0,350.0,434.47839610523545,443.19280908148994,451.0,465.62754417993017,56.63326530553107,67.08793066714813,117.07251051846643,243.3753569103987,217.02550511494775,301.0,308.8542752825143,401.0,417.2775084596298,83.4976455246855,139.45666666666656,106.1211602455042,200.0,250.0,208.63214625485878,350.0,351.0,450.0,34.20888888888892,50.0,56.44921560473731,101.0,109.47357111242306,166.87777182492607,300.0,266.71142286126417,441.5877335592819,358.5338947257347,493.27203859620795,50.0,91.05777777777777,50.0,50.0,50.0,89.90666666666667,89.90666666666667,50.0,51.0,50.0,61.82000000000015,100.0,138.83999999999992,100.0,100.0,100.0,140.48222222222205,140.2877777777777,60.54333333333348,101.0,190.4822222222221,150.0,151.0,150.0,150.0,150.0,150.0,150.0,110.0933333333335,150.0,200.0,200.0,159.32666666666682,241.05777777777766,239.45666666666662,200.0,200.0,200.0,240.28777777777776,200.0,289.9066666666649,250.0,289.9066666666649,250.0,250.0,250.0,250.0,209.71222222222238,251.0,250.0,340.48222222222006,300.0,300.0,300.0,300.0,300.0,339.331111111109,301.0,300.0,260.54333333333176,390.48222222222006,350.0,350.0,389.4566666666648,391.6333333333311,350.0,390.67333333333147,309.517777777776,389.331111111109,350.0,440.48222222222006,400.0,400.0,400.0,360.0933333333316,400.0,400.0,400.0,439.8822222222203,360.0933333333316,489.0111111111092,488.7555555555535,488.17999999999796,450.0,450.0,489.0111111111092,450.0,450.0,450.0,408.36666666666486,500.0,500.0,500.0,500.0,500.0,500.0,500.0,500.0,40.540000000000084,24199.0
465.356647343322,56.50660189972165,67.07396741937788,241.15293875326716,292.27863184394784,300.0,350.0,434.4942290882918,401.0,493.28476545077774,515.2155555555561,131.37138759638125,150.0,233.64204172573795,206.52741957895222,251.0,350.0,315.8907778885556,401.0,493.634458448755,83.69897096594414,56.454914892128244,150.0,242.4578036719985,201.0,216.74460344709635,383.4290206460697,351.0,358.5147033601223,493.49802788883375,84.16237304673676,56.77944358468417,182.90633222425078,151.0,288.55315566931256,293.56331186569776,301.0,307.7180209503874,401.0,416.4933218618114,81.84888888888892,132.4244444444443,151.0,200.0,250.0,256.90818986009924,385.67254304438416,316.2564053775813,443.1014515676645,417.3613957247006,501.0,56.498552253771855,182.92185922611574,151.0,284.63839953904255,251.0,301.0,314.27686595732814,401.0,493.48439581214564,50.0,134.46800056998669,106.66892384294478,116.76837330364907,167.76595185838016,301.0,350.0,435.053951660791,443.18280908148995,451.0,465.0519886243746,56.64326530553107,66.51237511159258,116.49695496291088,243.3653569103987,216.4499495593922,301.0,308.27871972695874,401.0,416.70195290407423,84.07320108024105,139.88222222222214,106.1311602455042,200.0,250.0,208.05659069930323,350.0,351.0,450.0,34.78444444444448,50.0,56.45921560473731,101.0,108.8980155568675,166.30221626937052,300.0,266.1358673057086,442.1632891148374,357.9583391701791,493.26203859620796,50.0,91.63333333333333,50.0,50.0,50.0,90.48222222222222,90.48222222222222,50.0,51.0,50.0,61.82000000000015,100.0,139.28555555555548,100.0,100.0,100.0,141.0577777777776,140.67333333333326,60.117777777777924,101.0,191.05777777777766,150.0,151.0,150.0,150.0,150.0,150.0,150.0,109.51777777777795,150.0,200.0,200.0,158.96111111111128,241.6333333333332,239.8822222222222,200.0,200.0,200.0,240.67333333333332,200.0,290.4822222222204,250.0,290.4822222222204,250.0,250.0,250.0,250.0,209.32666666666682,251.0,250.0,341.0577777777756,300.0,300.0,300.0,300.0,300.0,339.90666666666453,301.0,300.0,260.1177777777762,391.0577777777756,350.0,350.0,389.8822222222203,392.20888888888663,350.0,391.038888888887,308.94222222222044,389.90666666666453,350.0,441.0577777777756,400.0,400.0,400.0,359.517777777776,400.0,400.0,400.0,440.2877777777759,359.517777777776,489.4566666666648,488.7555555555535,488.17999999999796,450.0,450.0,489.4566666666648,450.0,450.0,450.0,407.7911111111093,500.0,500.0,500.0,500.0,500.0,500.0,500.0,500.0,41.115555555555645,24399.0
464.7810917877664,56.51660189972165,67.07396741937788,241.72849430882272,292.85418739950336,300.0,350.0,435.0697846438473,401.0,493.27476545077775,514.6400000000006,131.9469431519368,150.0,234.2175972812935,206.5374195789522,251.0,350.0,315.315222333,401.0,493.62445844875504,84.2745265214997,56.46491489212824,150.0,243.03335922755406,201.0,216.1690478915408,384.00457620162524,351.0,357.93914780456674,493.48802788883376,84.73792860229231,56.789443584684165,183.48188777980633,151.0,288.55315566931256,293.55331186569776,301.0,307.14246539483185,401.0,415.9177663062558,82.42444444444448,132.99999999999986,151.0,200.0,250.0,256.91818986009923,386.2480985999397,315.6808498220257,443.09145156766454,416.78584016914505,501.0,56.50855225377185,183.4974147816713,151.0,285.2139550945981,251.0,301.0,313.70131040177256,401.0,493.47439581214564,50.0,135.04355612554224,106.67892384294478,116.19281774809352,167.1903963028246,301.0,350.0,435.6295072163465,443.17280908148996,451.0,464.476433068819,56.653265305531065,65.93681955603702,115.92139940735532,243.3553569103987,215.87439400383664,301.0,307.70316417140316,401.0,416.12639734851865,84.6487566357966,140.2877777777777,106.14116024550421,200.0,250.0,207.48103514374768,350.0,351.0,450.0,35.36000000000004,50.0,56.46921560473731,101.0,108.32246000131195,165.72666071381497,300.0,265.560311750153,442.73884467039295,357.3827836146235,493.25203859620797,50.0,92.20888888888888,50.0,50.0,50.0,91.05777777777777,91.05777777777777,50.0,51.0,50.0,61.82000000000015,100.0,139.71111111111105,100.0,100.0,100.0,141.63333333333316,141.03888888888883,59.712222222222366,101.0,191.6333333333332,150.0,151.0,150.0,150.0,150.0,150.0,150.0,108.9422222222224,150.0,200.0,200.0,158.61555555555572,242.20888888888877,240.28777777777776,200.0,200.0,200.0,241.0388888888889,200.0,291.0577777777759,250.0,291.0577777777759,250.0,250.0,250.0,250.0,208.96111111111128,251.0,250.0,341.6333333333311,300.0,300.0,300.0,300.0,300.0,340.48222222222006,301.0,300.0,259.71222222222065,391.6333333333311,350.0,350.0,390.2877777777759,392.78444444444216,350.0,391.3844444444426,308.36666666666486,390.48222222222006,350.0,441.6333333333311,400.0,400.0,400.0,358.94222222222044,400.0,400.0,400.0,440.67333333333147,358.94222222222044,489.8822222222203,488.7555555555535,488.17999999999796,450.0,450.0,489.8822222222203,450.0,450.0,450.0,407.2155555555537,500.0,500.0,500.0,500.0,500.0,500.0,500.0,500.0,41.691111111111205,24599.0
464.2055362322108,56.52660189972165,67.07396741937788,242.30404986437827,293.4297429550589,300.0,350.0,435.6453401994028,401.0,493.26476545077776,514.064444444445,132.52249870749236,150.0,234.79315283684906,206.5474195789522,251.0,350.0,314.7396667774444,401.0,493.61445844875504,84.85008207705525,56.47491489212824,150.0,243.6089147831096,201.0,215.59349233598525,384.58013175718077,351.0,357.36359224901116,493.47802788883376,85.31348415784787,56.79944358468416,184.05744333536188,151.0,288.55315566931256,293.5433118656978,301.0,306.56690983927626,401.0,415.34221075070025,83.00000000000003,133.5755555555554,151.0,200.0,250.0,256.9281898600992,386.8236541554952,315.10529426647014,443.08145156766454,416.21028461358947,501.0,56.51855225377185,184.07297033722685,151.0,285.7895106501536,251.0,301.0,313.125754846217,401.0,493.46439581214565,50.0,135.6191116810978,106.68892384294479,115.61726219253796,166.61484074726906,301.0,350.0,436.205062771902,443.16280908148997,451.0,463.9008775132634,56.66326530553106,65.36126400048147,115.34584385179977,243.34535691039872,215.2988384482811,301.0,307.1276086158476,401.0,415.55084179296307,85.22431219135215,140.67333333333326,106.15116024550422,200.0,250.0,206.90547958819212,350.0,351.0,450.0,35.9355555555556,50.0,56.479215604737306,101.0,107.7469044457564,165.1511051582594,300.0,264.9847561945974,443.3144002259485,356.80722805906794,493.242038596208,50.0,92.78444444444443,50.0,50.0,50.0,91.63333333333333,91.63333333333333,50.0,51.0,50.0,61.82000000000015,100.0,140.11666666666662,100.0,100.0,100.0,142.2088888888887,141.3844444444444,59.32666666666681,101.0,192.20888888888877,150.0,151.0,150.0,150.0,150.0,150.0,150.0,108.36666666666684,150.0,200.0,200.0,158.29000000000016,242.78444444444432,240.67333333333332,200.0,200.0,200.0,241.38444444444445,200.0,291.63333333333145,250.0,291.63333333333145,250.0,250.0,250.0,250.0,208.61555555555572,251.0,250.0,342.20888888888663,300.0,300.0,300.0,300.0,300.0,341.0577777777756,301.0,300.0,259.3266666666651,392.20888888888663,350.0,350.0,390.67333333333147,393.3599999999977,350.0,391.70999999999816,307.7911111111093,391.0577777777756,350.0,442.20888888888663,400.0,400.0,400.0,358.36666666666486,400.0,400.0,400.0,441.038888888887,358.36666666666486,490.2877777777759,488.7555555555535,488.17999999999796,450.0,450.0,490.2877777777759,450.0,450.0,450.0,406.6399999999981,500.0,500.0,500.0,500.0,500.0,500.0,500.0,500.0,42.266666666666765,24799.0
463.62998067665524,56.536601899721646,67.07396741937788,242.87960541993382,294.0052985106144,300.0,350.0,436.22089575495835,401.0,493.25476545077777,513.4888888888895,133.0980542630479,150.0,235.3687083924046,206.5574195789522,251.0,350.0,314.16411122188885,401.0,493.60445844875505,85.4256376326108,56.48491489212824,150.0,244.18447033866516,201.0,215.0179367804297,385.1556873127363,351.0,356.7880366934556,493.4680278888338,85.88903971340342,56.80944358468416,184.63299889091743,151.0,288.55315566931256,293.5333118656978,301.0,306.0413542837207,401.0,414.76665519514466,83.57555555555558,134.15111111111096,151.0,200.0,250.0,256.9381898600992,387.39920971105073,314.52973871091456,443.07145156766455,415.6347290580339,501.0,56.52855225377185,184.6485258927824,151.0,286.3650662057091,251.0,301.0,312.5501992906614,401.0,493.45439581214566,50.0,136.19466723665334,106.6989238429448,115.04170663698241,166.0392851917135,301.0,350.0,436.78061832745755,443.15280908149,451.0,463.32532195770784,56.67326530553106,64.78570844492592,114.77028829624422,243.33535691039873,214.72328289272554,301.0,306.552053060292,401.0,414.9752862374075,85.79986774690771,141.03888888888883,106.16116024550422,200.0,250.0,206.37992403263658,350.0,351.0,450.0,36.51111111111116,50.0,56.4892156047373,101.0,107.17134889020085,164.57554960270386,300.0,264.40920063904184,443.889955781504,356.23167250351236,493.232038596208,50.0,93.35999999999999,50.0,50.0,50.0,92.20888888888888,92.20888888888888,50.0,51.0,50.0,61.82000000000015,100.0,140.50222222222217,100.0,100.0,100.0,142.78444444444426,141.70999999999995,58.96111111111126,101.0,192.78444444444432,150.0,151.0,150.0,150.0,150.0,150.0,150.0,107.79111111111129,150.0,200.0,200.0,157.98444444444462,243.35999999999987,241.0388888888889,200.0,200.0,200.0,241.71,200.0,292.208888888887,250.0,292.158888888887,250.0,250.0,250.0,250.0,208.29000000000016,251.0,250.0,342.7344444444422,300.0,300.0,300.0,300.0,300.0,341.6333333333311,301.0,300.0,258.9611111111096,392.78444444444216,350.0,350.0,391.038888888887,393.9355555555532,350.0,392.0155555555537,307.2155555555537,391.6333333333311,350.0,442.78444444444216,400.0,400.0,400.0,357.7911111111093,400.0,400.0,400.0,441.3844444444426,357.7911111111093,490.67333333333147,488.7555555555535,488.17999999999796,450.0,450.0,490.67333333333147,450.0,450.0,450.0,406.06444444444253,500.0,500.0,500.0,500.0,500.0,500.0,500.0,500.0,42.842222222222325,24999.0
463.05442512109965,56.546601899721644,67.07396741937788,243.4051609754894,294.58085406616993,300.0,350.0,436.7964513105139,401.0,493.2447654507778,512.913333333334,133.67360981860347,150.0,235.94426394796017,206.56741957895218,251.0,350.0,313.58855566633326,401.0,493.59445844875506,86.00119318816635,56.494914892128236,150.0,244.76002589422072,201.0,214.44238122487414,385.7312428682918,351.0,356.2124811379,493.4580278888338,86.46459526895897,56.81944358468416,185.208554446473,151.0,288.55315566931256,293.5233118656978,301.0,305.53579872816516,401.0,414.1910996395891,84.15111111111113,134.72666666666652,151.0,200.0,250.0,256.9481898600992,387.97476526660625,313.954183155359,443.06145156766456,415.0591735024783,501.0,56.53855225377185,185.22408144833796,151.0,286.94062176126465,251.0,301.0,311.9746437351058,401.0,493.4443958121457,50.0,136.7702227922089,106.7089238429448,114.46615108142686,165.46372963615795,301.0,350.0,437.35617388301307,443.14280908149,451.0,462.74976640215226,56.68326530553106,64.21015288937036,114.19473274068866,243.32535691039874,214.14772733716998,301.0,305.9764975047364,401.0,414.3997306818519,86.37542330246326,141.3844444444444,106.17116024550423,200.0,250.0,205.87436847708102,350.0,351.0,450.0,37.08666666666672,50.0,56.4992156047373,101.0,106.5957933346453,163.9999940471483,300.0,263.83364508348626,444.4655113370595,355.6561169479568,493.222038596208,50.0,93.93555555555554,50.0,50.0,50.0,92.78444444444443,92.78444444444443,50.0,51.0,50.0,61.82000000000015,100.0,140.86777777777775,100.0,100.0,100.0,143.30999999999983,142.01555555555552,58.6155555555557,101.0,193.35999999999987,150.0,151.0,150.0,150.0,150.0,150.0,150.0,107.21555555555574,150.0,200.0,200.0,157.69888888888906,243.93555555555542,241.38444444444445,200.0,200.0,200.0,242.01555555555558,200.0,292.7844444444425,250.0,292.6644444444426,250.0,250.0,250.0,250.0,207.98444444444462,251.0,250.0,343.2399999999978,300.0,300.0,300.0,300.0,300.0,342.20888888888663,301.0,300.0,258.615555555554,393.30999999999773,350.0,350.0,391.3844444444426,394.51111111110873,350.0,392.30111111110926,306.6399999999981,392.20888888888663,350.0,443.3599999999977,400.0,400.0,400.0,357.2155555555537,400.0,400.0,400.0,441.70999999999816,357.2155555555537,491.038888888887,488.7555555555535,488.17999999999796,450.0,450.0,491.038888888887,450.0,450.0,450.0,405.48888888888695,500.0,500.0,500.0,500.0,500.0,500.0,500.0,500.0,43.417777777777886,25199.0
462.4788695655441,56.55660189972164,67.07396741937788,243.91071653104495,295.15640962172546,300.0,350.0,437.3720068660694,401.0,493.2347654507778,512.3377777777785,134.24916537415902,150.0,236.51981950351572,206.57741957895217,251.0,350.0,313.0130001107777,401.0,493.5844584487551,86.57674874372191,56.504914892128234,150.0,245.33558144977627,201.0,213.8668256693186,386.30679842384734,351.0,355.6369255823444,493.4480278888338,87.04015082451453,56.82944358468416,185.78411000202854,151.0,288.55315566931256,293.5133118656978,301.0,305.0502431726096,401.0,413.6155440840335,84.72666666666669,135.30222222222207,151.0,200.0,250.0,256.9581898600992,388.5503208221618,313.3786275998034,443.05145156766457,414.4836179469227,501.0,56.548552253771845,185.7996370038935,151.0,287.5161773168202,251.0,301.0,311.39908817955023,401.0,493.4343958121457,50.0,137.34577834776445,106.7189238429448,113.8905955258713,164.8881740806024,301.0,350.0,437.9317294385686,443.13280908149,451.0,462.1742108465967,56.69326530553106,63.63459733381481,113.61917718513311,243.31535691039875,213.57217178161443,301.0,305.40094194918083,401.0,413.8241751262963,86.95097885801881,141.70999999999995,106.18116024550423,200.0,250.0,205.38881292152547,350.0,351.0,450.0,37.66222222222228,50.0,56.5092156047373,101.0,106.02023777908974,163.42443849159275,300.0,263.2580895279307,445.04106689261505,355.1305613924012,493.212038596208,50.0,94.51111111111109,50.0,50.0,50.0,93.35999999999999,93.35999999999999,50.0,51.0,50.0,61.82000000000015,100.0,141.2133333333333,100.0,100.0,100.0,143.8155555555554,142.30111111111108,58.29000000000015,101.0,193.88555555555544,150.0,151.0,150.0,150.0,150.0,150.0,150.0,106.64000000000019,150.0,200.0,200.0,157.4333333333335,244.51111111111098,241.71,200.0,200.0,200.0,242.30111111111114,200.0,293.359999999998,250.0,293.14999999999816,250.0,250.0,250.0,250.0,207.69888888888906,251.0,250.0,343.72555555555334,300.0,300.0,300.0,300.0,300.0,342.78444444444216,301.0,300.0,258.28999999999843,393.8155555555533,350.0,350.0,391.70999999999816,395.0366666666643,350.0,392.56666666666484,306.11444444444254,392.78444444444216,350.0,443.9355555555532,400.0,400.0,400.0,356.6399999999981,400.0,400.0,400.0,442.0155555555537,356.6399999999981,491.3844444444426,488.7555555555535,488.17999999999796,450.0,450.0,491.3844444444426,450.0,450.0,450.0,404.91333333333137,500.0,500.0,500.0,500.0,500.0,500.0,500.0,500.0,43.94333333333344,25399.0
461.9033140099885,56.56660189972164,67.07396741937788,244.39627208660053,295.731965177281,300.0,350.0,437.9475624216249,401.0,493.2247654507778,511.7622222222229,134.82472092971457,150.0,237.09537505907127,206.58741957895217,251.0,350.0,312.4374445552221,401.0,493.5744584487551,87.15230429927746,56.51491489212823,150.0,245.86113700533184,201.0,213.29127011376303,386.88235397940286,351.0,355.06137002678884,493.4380278888338,87.61570638007008,56.839443584684155,186.3596655575841,151.0,288.55315566931256,293.5033118656978,301.0,304.58468761705404,401.0,413.0399885284779,85.30222222222224,135.87777777777762,151.0,200.0,250.0,256.9681898600992,389.1258763777173,312.8030720442478,443.0414515676646,413.90806239136714,501.0,56.55855225377184,186.37519255944906,151.0,288.0917328723757,251.0,301.0,310.82353262399465,401.0,493.4243958121457,50.0,137.92133390332,106.72892384294481,113.31503997031575,164.31261852504684,301.0,350.0,437.9317294385686,443.12280908149,451.0,461.5986552910411,56.703265305531055,63.05904177825926,113.04362162957756,243.30535691039876,212.99661622605888,301.0,304.82538639362525,401.0,413.24861957074074,87.52653441357437,142.01555555555552,106.19116024550424,200.0,250.0,204.9232573659699,350.0,351.0,450.0,38.23777777777784,50.0,56.5192156047373,101.0,105.44468222353419,162.8488829360372,300.0,262.6825339723751,445.6166224481706,354.6250058368457,493.202038596208,50.0,95.03666666666665,50.0,50.0,50.0,93.93555555555554,93.93555555555554,50.0,51.0,50.0,61.82000000000015,100.0,141.53888888888886,100.0,100.0,100.0,144.30111111111097,142.56666666666663,57.98444444444459,101.0,194.391111111111,150.0,151.0,150.0,150.0,150.0,150.0,150.0,106.06444444444463,150.0,200.0,200.0,157.18777777777794,245.03666666666655,242.01555555555558,200.0,200.0,200.0,242.5666666666667,200.0,293.8855555555536,250.0,293.6155555555537,250.0,250.0,250.0,250.0,207.4333333333335,251.0,250.0,344.1911111111089,300.0,300.0,300.0,300.0,300.0,343.3599999999977,301.0,300.0,257.9844444444429,394.30111111110887,350.0,350.0,392.0155555555537,395.5422222222199,350.0,392.8122222222204,305.608888888887,393.3599999999977,350.0,444.51111111110873,400.0,400.0,400.0,356.06444444444253,400.0,400.0,400.0,442.30111111110926,356.06444444444253,491.70999999999816,488.7555555555535,488.17999999999796,450.0,450.0,491.70999999999816,450.0,450.0,450.0,404.3377777777758,500.0,500.0,500.0,500.0,500.0,500.0,500.0,500.0,44.448888888889,25599.0
461.3277584544329,56.57660189972164,67.07396741937788,244.8618276421561,296.3075207328365,300.0,350.0,438.52311797718045,401.0,493.2147654507778,511.1866666666673,135.40027648527013,150.0,237.67093061462683,206.59741957895216,251.0,350.0,311.8618889996665,401.0,493.5644584487551,87.72785985483301,56.52491489212823,150.0,246.2766925608874,201.0,212.71571455820748,387.4579095349584,351.0,354.48581447123325,493.4280278888338,88.19126193562563,56.84944358468415,186.93522111313965,151.0,288.55315566931256,293.4933118656978,301.0,304.1391320614985,401.0,412.46443297292234,85.8777777777778,136.45333333333318,151.0,200.0,250.0,256.9781898600992,389.70143193327283,312.22751648869223,443.0314515676646,413.33250683581156,501.0,56.56855225377184,186.95074811500461,151.0,288.6672884279312,251.0,301.0,310.24797706843907,401.0,493.4143958121457,50.0,138.49688945887556,106.73892384294481,112.7394844147602,163.7370629694913,301.0,350.0,437.9317294385686,443.11280908149,451.0,461.0230997354855,56.71326530553105,62.483486222703704,112.468066074022,243.29535691039877,212.42106067050332,301.0,304.24983083806967,401.0,412.67306401518516,88.10208996912992,142.30111111111108,106.20116024550424,200.0,250.0,204.47770181041435,350.0,351.0,450.0,38.813333333333404,50.0,56.529215604737296,101.0,104.86912666797863,162.27332738048165,300.0,262.1069784168195,446.1921780037261,354.1394502812901,493.192038596208,50.0,95.5422222222222,50.0,50.0,50.0,94.51111111111109,94.51111111111109,50.0,51.0,50.0,61.82000000000015,100.0,141.84444444444443,100.0,100.0,100.0,144.76666666666654,142.8122222222222,57.69888888888904,101.0,194.87666666666658,150.0,151.0,150.0,150.0,150.0,150.0,150.0,105.48888888888908,150.0,200.0,200.0,156.96222222222238,245.5422222222221,242.30111111111114,200.0,200.0,200.0,242.81222222222226,200.0,294.3911111111092,250.0,294.0611111111093,250.0,250.0,250.0,250.0,207.18777777777794,251.0,250.0,344.6366666666645,300.0,300.0,300.0,300.0,300.0,343.9355555555532,301.0,300.0,257.6988888888873,394.76666666666443,350.0,350.0,392.30111111110926,395.9377777777754,350.0,393.03777777777594,305.12333333333146,393.9355555555532,350.0,445.08666666666426,400.0,400.0,400.0,355.48888888888695,400.0,400.0,400.0,442.56666666666484,355.48888888888695,492.0155555555537,488.7555555555535,488.17999999999796,450.0,450.0,492.0155555555537,450.0,450.0,450.0,403.7622222222202,500.0,500.0,500.0,500.0,500.0,500.0,500.0,500.0,44.93444444444456,25799.0
460.75220289887733,56.586601899721636,67.07396741937788,245.30738319771166,296.88307628839203,300.0,350.0,439.098673532736,401.0,493.2047654507778,510.6111111111117,135.97583204082568,150.0,238.24648617018238,206.60741957895215,251.0,350.0,311.28633344411094,401.0,493.5544584487551,88.30341541038857,56.53491489212823,150.0,246.61224811644297,201.0,212.14015900265193,388.0334650905139,351.0,353.9102589156777,493.4180278888338,88.76681749118119,56.85944358468415,187.5107766686952,151.0,288.55315566931256,293.48331186569783,301.0,303.80357650594294,401.0,411.88887741736676,86.45333333333335,137.02888888888873,151.0,200.0,250.0,256.98818986009917,390.27698748882835,311.65196093313665,443.0214515676646,412.756951280256,501.0,56.57855225377184,187.52630367056017,151.0,289.24284398348675,251.0,301.0,309.6724215128835,401.0,493.4043958121457,50.0,139.0724450144311,106.74892384294482,112.16392885920465,163.16150741393574,301.0,350.0,437.9317294385686,443.10280908149,451.0,460.44754417992993,56.72326530553105,61.90793066714815,111.89251051846645,243.28535691039878,211.84550511494777,301.0,303.6742752825141,401.0,412.0975084596296,88.67764552468547,142.56666666666663,106.21116024550425,200.0,250.0,204.1421462548588,350.0,351.0,450.0,39.388888888888964,50.0,56.539215604737294,101.0,104.29357111242308,161.6977718249261,300.0,261.53142286126393,446.7677335592816,353.7638947257346,493.18203859620803,50.0,95.93777777777774,50.0,50.0,50.0,95.08666666666664,95.08666666666664,50.0,51.0,50.0,61.82000000000015,100.0,142.13,100.0,100.0,100.0,145.2122222222221,143.03777777777776,57.43333333333348,101.0,195.34222222222215,150.0,151.0,150.0,150.0,150.0,150.0,150.0,104.91333333333353,150.0,200.0,200.0,156.75666666666683,245.93777777777768,242.5666666666667,200.0,200.0,200.0,243.03777777777782,200.0,294.87666666666473,250.0,294.48666666666486,250.0,250.0,250.0,250.0,206.96222222222238,251.0,250.0,345.06222222222004,300.0,300.0,300.0,300.0,300.0,344.51111111110873,301.0,300.0,257.43333333333175,395.21222222222,350.0,350.0,392.56666666666484,396.25333333333094,350.0,393.2433333333315,304.6577777777759,394.51111111110873,350.0,445.6622222222198,400.0,400.0,400.0,354.91333333333137,400.0,400.0,400.0,442.8122222222204,354.91333333333137,492.30111111110926,488.7555555555535,488.17999999999796,450.0,450.0,492.30111111110926,450.0,450.0,450.0,403.1866666666646,500.0,500.0,500.0,500.0,500.0,500.0,500.0,500.0,45.40000000000012,25999.0
460.17664734332175,56.596601899721634,67.07396741937788,245.73293875326723,297.45863184394756,300.0,350.0,439.6742290882915,401.0,493.1947654507778,510.03555555555613,136.55138759638123,150.0,238.82204172573793,206.61741957895214,251.0,350.0,310.71077788855536,401.0,493.5444584487551,88.87897096594412,56.544914892128226,150.0,246.86780367199853,201.0,211.56460344709637,388.60902064606944,351.0,353.3347033601221,493.40802788883383,89.34237304673674,56.86944358468415,188.08633222425075,151.0,288.55315566931256,293.47331186569784,301.0,303.5480209503874,401.0,411.3133218618112,87.0288888888889,137.60444444444428,151.0,200.0,250.0,256.99818986009916,390.8525430443839,311.07640537758107,443.0114515676646,412.1813957247004,501.0,56.58855225377184,188.10185922611572,151.0,289.8183995390423,251.0,301.0,309.0968659573279,401.0,493.3943958121457,50.0,139.64800056998666,106.75892384294482,111.58837330364909,162.58595185838018,301.0,350.0,437.9317294385686,443.09280908149003,451.0,459.87198862437435,56.73326530553105,61.90793066714815,111.3169549629109,243.27535691039878,211.26994955939222,301.0,303.0987197269585,401.0,411.521952904074,89.25320108024103,142.8122222222222,106.22116024550425,200.0,250.0,203.88659069930324,350.0,351.0,450.0,39.964444444444524,50.0,56.54921560473729,101.0,103.71801555686753,161.12221626937054,300.0,260.95586730570835,447.34328911483715,353.46833917017904,493.17203859620804,50.0,96.25333333333329,50.0,50.0,50.0,95.6622222222222,95.6622222222222,50.0,51.0,50.0,61.82000000000015,100.0,142.39555555555555,100.0,100.0,100.0,145.63777777777767,143.24333333333334,57.187777777777924,101.0,195.7877777777777,150.0,151.0,150.0,150.0,150.0,150.0,150.0,104.33777777777797,150.0,200.0,200.0,156.57111111111126,246.25333333333325,242.81222222222226,200.0,200.0,200.0,243.2433333333334,200.0,295.3422222222203,250.0,294.8922222222204,250.0,250.0,250.0,250.0,206.75666666666683,251.0,250.0,345.4677777777756,300.0,300.0,300.0,300.0,300.0,345.08666666666426,301.0,300.0,257.1877777777762,395.63777777777557,350.0,350.0,392.8122222222204,396.4888888888865,350.0,393.42888888888706,304.21222222222036,395.08666666666426,350.0,446.2377777777753,400.0,400.0,400.0,354.3377777777758,400.0,400.0,400.0,443.03777777777594,354.3377777777758,492.56666666666484,488.7555555555535,488.17999999999796,450.0,450.0,492.56666666666484,450.0,450.0,450.0,402.61111111110904,500.0,500.0,500.0,500.0,500.0,500.0,500.0,500.0,45.84555555555568,26199.0
459.60109178776617,56.60660189972163,67.07396741937788,246.0484943088228,298.0341873995031,300.0,350.0,440.249784643847,401.0,493.18476545077783,509.46000000000055,137.12694315193679,150.0,239.39759728129349,206.62741957895213,251.0,350.0,310.1352223329998,401.0,493.5344584487551,89.45452652149967,56.554914892128224,150.0,247.0433592275541,201.0,210.98904789154082,389.18457620162496,351.0,352.7591478045665,493.39802788883384,89.91792860229229,56.87944358468415,188.6618877798063,151.0,288.55315566931256,293.46331186569785,301.0,303.37246539483186,401.0,410.7377663062556,87.60444444444445,138.17999999999984,151.0,200.0,250.0,257.00818986009915,391.37809859993945,310.5008498220255,443.0014515676646,411.6058401691448,501.0,56.598552253771835,188.67741478167127,151.0,290.3939550945978,251.0,301.0,308.5213104017723,401.0,493.3843958121457,50.0,140.22355612554222,106.76892384294483,111.58837330364909,162.01039630282463,301.0,350.0,437.9317294385686,443.08280908149004,451.0,459.29643306881877,56.74326530553105,61.90793066714815,110.74139940735535,243.2653569103988,210.69439400383666,301.0,302.5231641714029,401.0,410.9463973485184,89.82875663579658,143.03777777777776,106.23116024550426,200.0,250.0,203.7110351437477,350.0,351.0,450.0,40.540000000000084,50.0,56.55921560473729,101.0,103.14246000131197,160.546660713815,300.0,260.38031175015277,447.9188446703927,353.25278361462347,493.16203859620805,50.0,96.48888888888884,50.0,50.0,50.0,96.23777777777775,96.23777777777775,50.0,51.0,50.0,61.82000000000015,100.0,142.64111111111112,100.0,100.0,100.0,145.95333333333323,143.4288888888889,56.96222222222237,101.0,196.12333333333328,150.0,151.0,150.0,150.0,150.0,150.0,150.0,103.76222222222242,150.0,200.0,200.0,156.4055555555557,246.4888888888888,243.03777777777782,200.0,200.0,200.0,243.42888888888896,200.0,295.7877777777759,250.0,295.277777777776,250.0,250.0,250.0,250.0,206.57111111111126,251.0,250.0,345.76333333333116,300.0,300.0,300.0,300.0,300.0,345.6622222222198,301.0,300.0,256.96222222222065,395.9533333333311,350.0,350.0,393.03777777777594,396.644444444442,350.0,393.5944444444426,303.8766666666648,395.6622222222198,350.0,446.81333333333083,400.0,400.0,400.0,353.7622222222202,400.0,400.0,400.0,443.2433333333315,353.7622222222202,492.8122222222204,488.7555555555535,488.17999999999796,450.0,450.0,492.8122222222204,450.0,450.0,450.0,402.03555555555346,500.0,500.0,500.0,500.0,500.0,500.0,500.0,500.0,46.181111111111235,26399.0
459.0255362322106,56.61660189972163,67.07396741937788,246.28404986437835,298.6097429550586,300.0,350.0,440.82534019940255,401.0,493.17476545077784,508.88444444444497,137.70249870749234,150.0,239.97315283684904,206.63741957895212,251.0,350.0,309.5596667774442,401.0,493.5244584487551,90.03008207705523,56.56491489212822,150.0,247.13891478310967,201.0,210.41349233598527,389.7601317571805,351.0,352.1835922490109,493.38802788883385,90.49348415784785,56.889443584684145,189.23744333536186,151.0,288.55315566931256,293.45331186569786,301.0,303.2769098392763,401.0,410.1622107507,88.18,138.7555555555554,151.0,200.0,250.0,257.01818986009914,391.88365415549504,309.9252942664699,442.9914515676646,411.03028461358923,501.0,56.60855225377183,189.25297033722683,151.0,290.9695106501533,251.0,301.0,307.94575484621674,401.0,493.37439581214574,50.0,140.79911168109777,106.77892384294483,111.58837330364909,161.43484074726908,301.0,350.0,437.9317294385686,443.07280908149005,451.0,458.7708775132632,56.753265305531045,61.90793066714815,110.16584385179979,243.2553569103988,210.1188384482811,301.0,301.94760861584734,401.0,410.37084179296284,90.40431219135213,143.24333333333334,106.24116024550426,200.0,250.0,203.61547958819213,350.0,351.0,450.0,40.74000000000009,50.0,56.56921560473729,101.0,102.56690444575642,159.97110515825943,300.0,259.8047561945972,448.4944002259482,353.1172280590679,493.15203859620806,50.0,96.64444444444439,50.0,50.0,50.0,96.8133333333333,96.8133333333333,50.0,51.0,50.0,61.82000000000015,100.0,142.86666666666667,100.0,100.0,100.0,146.18888888888878,143.59444444444446,56.75666666666682,101.0,196.37888888888884,150.0,151.0,150.0,150.0,150.0,150.0,150.0,103.18666666666687,150.0,200.0,200.0,156.26000000000016,246.64444444444436,243.2433333333334,200.0,200.0,200.0,243.59444444444452,200.0,296.1233333333314,250.0,295.64333333333155,250.0,250.0,250.0,250.0,206.4055555555557,251.0,250.0,345.9788888888867,300.0,300.0,300.0,300.0,300.0,346.2377777777753,301.0,300.0,256.75666666666507,396.18888888888665,350.0,350.0,393.2433333333315,396.7199999999975,350.0,393.7399999999982,303.62111111110926,396.2377777777753,350.0,447.38888888888636,400.0,400.0,400.0,353.1866666666646,400.0,400.0,400.0,443.42888888888706,353.1866666666646,493.03777777777594,488.7555555555535,488.17999999999796,450.0,450.0,493.03777777777594,450.0,450.0,450.0,401.4599999999979,500.0,500.0,500.0,500.0,500.0,500.0,500.0,500.0,46.43666666666679,26599.0
458.449980676655,56.62660189972163,67.07396741937788,246.4396054199339,299.18529851061413,300.0,350.0,441.40089575495807,401.0,493.16476545077785,508.3088888888894,138.2780542630479,150.0,240.5487083924046,206.6474195789521,251.0,350.0,308.9841112218886,401.0,493.51445844875514,90.60563763261078,56.57491489212822,150.0,247.05891478310966,201.0,209.83793678042971,390.335687312736,351.0,351.60803669345535,493.37802788883386,91.0690397134034,56.89944358468414,189.8129988909174,151.0,288.55315566931256,293.44331186569786,301.0,303.2613542837207,401.0,409.58665519514443,88.75555555555556,139.33111111111094,151.0,200.0,250.0,257.02818986009913,392.3692097110506,309.3497387109143,442.98145156766464,410.45472905803365,501.0,56.61855225377183,189.82852589278238,151.0,291.54506620570885,251.0,301.0,307.37019929066116,401.0,493.36439581214574,50.0,141.37466723665332,106.78892384294484,111.58837330364909,160.85928519171352,301.0,350.0,437.9317294385686,443.06280908149006,451.0,458.26532195770767,56.76326530553104,61.90793066714815,109.59028829624424,243.2453569103988,209.54328289272556,301.0,301.37205306029176,401.0,409.79528623740725,90.97986774690769,143.4288888888889,106.25116024550427,200.0,250.0,203.59992403263658,350.0,351.0,450.0,40.91000000000009,50.0,56.579215604737286,101.0,101.99134889020087,159.39554960270388,300.0,259.2292006390416,449.0699557815037,353.06167250351234,493.14203859620807,50.0,96.71999999999994,50.0,50.0,50.0,97.38888888888886,97.38888888888886,50.0,51.0,50.0,61.82000000000015,100.0,143.07222222222225,100.0,100.0,100.0,146.34444444444435,143.74000000000004,56.571111111111264,101.0,196.5544444444444,150.0,151.0,150.0,150.0,150.0,150.0,150.0,102.61111111111131,150.0,200.0,200.0,156.1344444444446,246.7199999999999,243.42888888888896,200.0,200.0,200.0,243.7400000000001,200.0,296.37888888888693,250.0,295.8988888888871,250.0,250.0,250.0,250.0,206.26000000000016,251.0,250.0,346.1144444444422,300.0,300.0,300.0,300.0,300.0,346.81333333333083,301.0,300.0,256.57111111110953,396.34444444444216,350.0,350.0,393.42888888888706,396.71555555555307,350.0,393.8655555555537,303.4455555555537,396.67333333333085,350.0,447.9644444444419,400.0,400.0,400.0,352.61111111110904,400.0,400.0,400.0,443.5944444444426,352.61111111110904,493.2433333333315,488.7555555555535,488.17999999999796,450.0,450.0,493.2433333333315,450.0,450.0,450.0,400.8844444444423,500.0,500.0,500.0,500.0,500.0,500.0,500.0,500.0,46.61222222222234,26799.0
457.8744251210994,56.636601899721626,67.07396741937788,246.51516097548947,299.76085406616966,300.0,350.0,441.9764513105136,401.0,493.15476545077786,507.7333333333338,138.85360981860345,150.0,241.12426394796015,206.6574195789521,251.0,350.0,308.40855566633303,401.0,493.50445844875514,91.13119318816634,56.58491489212822,150.0,246.97891478310964,201.0,209.26238122487416,390.91124286829154,351.0,351.03248113789977,493.36802788883386,91.59459526895895,56.90944358468414,190.38855444647297,151.0,288.55315566931256,293.4333118656979,301.0,303.30135428372074,401.0,409.01109963958885,89.33111111111111,139.9066666666665,151.0,200.0,250.0,257.0381898600991,392.83476526660615,308.82418315535875,442.97145156766464,409.87917350247807,501.0,56.62855225377183,190.40408144833793,151.0,292.1206217612644,251.0,301.0,306.7946437351056,401.0,493.35439581214575,50.0,141.95022279220888,106.79892384294484,111.58837330364909,160.28372963615797,301.0,350.0,437.9317294385686,443.05280908149007,451.0,457.7797664021521,56.77326530553104,61.90793066714815,109.01473274068869,243.23535691039882,208.96772733717,301.0,300.7964975047362,401.0,409.2197306818517,91.55542330246324,143.59444444444446,106.26116024550427,200.0,250.0,203.63992403263657,350.0,351.0,450.0,41.06000000000009,50.0,56.589215604737284,101.0,101.41579333464531,158.86999404714834,300.0,258.653645083486,449.64551133705925,353.0861169479568,493.1320385962081,50.0,96.7155555555555,50.0,50.0,50.0,97.96444444444441,97.96444444444441,50.0,51.0,50.0,61.82000000000015,100.0,143.25777777777782,100.0,100.0,100.0,146.4199999999999,143.8655555555556,56.40555555555571,101.0,196.64999999999998,150.0,151.0,150.0,150.0,150.0,150.0,150.0,102.03555555555576,150.0,200.0,200.0,156.02888888888904,246.71555555555548,243.59444444444452,200.0,200.0,200.0,243.86555555555566,200.0,296.5544444444425,250.0,296.07444444444263,250.0,250.0,250.0,250.0,206.1344444444446,251.0,250.0,346.16999999999774,300.0,300.0,300.0,300.0,300.0,347.38888888888636,301.0,300.0,256.405555555554,396.4199999999977,350.0,350.0,393.5944444444426,396.67555555555305,350.0,393.9711111111093,303.34999999999815,397.0288888888864,350.0,448.5399999999974,400.0,400.0,400.0,352.03555555555346,400.0,400.0,400.0,443.7399999999982,352.03555555555346,493.42888888888706,488.7555555555535,488.17999999999796,450.0,450.0,493.42888888888706,450.0,450.0,450.0,400.3088888888867,500.0,500.0,500.0,500.0,500.0,500.0,500.0,500.0,46.7077777777779,26999.0
457.29886956554384,56.646601899721624,67.07396741937788,246.51071653104503,300.3364096217252,300.0,350.0,442.5520068660691,401.0,493.14476545077787,507.1577777777782,139.429165374159,150.0,241.64981950351572,206.6674195789521,251.0,350.0,307.83300011077745,401.0,493.49445844875515,91.63674874372188,56.594914892128216,150.0,246.89891478310963,201.0,208.73682566931862,391.4367984238471,351.0,350.4569255823442,493.3580278888339,92.1001508245145,56.91944358468414,190.96411000202852,151.0,288.55315566931256,293.4233118656979,301.0,303.34135428372076,401.0,408.4855440840333,89.90666666666667,140.48222222222205,151.0,200.0,250.0,257.0481898600991,393.28032082216174,308.3186275998032,442.96145156766465,409.3036179469225,501.0,56.63855225377183,190.9796370038935,151.0,292.6961773168199,251.0,301.0,306.21908817955,401.0,493.34439581214576,50.0,142.52577834776443,106.80892384294485,111.58837330364909,159.70817408060242,301.0,350.0,437.9317294385686,443.0428090814901,451.0,457.31421084659655,56.78326530553104,61.90793066714815,108.43917718513313,243.22535691039883,208.44217178161446,301.0,300.2209419491806,401.0,408.6441751262961,92.13097885801879,143.74000000000004,106.27116024550428,200.0,250.0,203.67992403263656,350.0,351.0,450.0,41.19000000000009,50.0,56.59921560473728,101.0,100.84023777908976,158.36443849159278,300.0,258.07808952793044,450.2210668926148,353.1261169479568,493.1220385962081,50.0,96.67555555555549,49.58,50.0,50.0,98.53999999999996,98.53999999999996,50.0,51.0,50.0,61.82000000000015,100.0,143.42333333333337,100.0,100.0,100.0,146.41555555555547,143.97111111111116,56.260000000000154,101.0,196.66555555555553,150.0,151.0,150.0,150.0,150.0,150.0,150.0,101.4600000000002,150.0,200.0,200.0,155.9433333333335,246.6755555555555,243.7400000000001,200.0,200.0,201.0,243.9711111111112,200.0,296.64999999999804,250.0,296.16999999999814,250.0,250.0,250.0,249.58,206.02888888888904,251.0,250.0,346.1455555555533,300.0,300.0,300.0,300.0,300.0,347.9644444444419,301.0,300.0,256.2599999999984,396.4155555555532,350.0,350.0,393.7399999999982,396.635555555553,350.0,394.05666666666485,303.33444444444257,397.3044444444419,350.0,449.11555555555293,400.0,400.0,400.0,351.4599999999979,400.0,400.0,400.0,443.8655555555537,351.4599999999979,493.5944444444426,488.7555555555535,488.17999999999796,450.0,450.0,493.5944444444426,449.58,450.0,450.0,399.73333333333113,500.0,500.0,500.0,500.0,500.0,500.0,500.0,500.0,46.72333333333346,27199.0
456.72331400998826,56.65660189972162,67.07396741937788,246.47071653104504,300.9119651772807,300.0,350.0,443.12756242162465,401.0,493.1347654507779,506.58222222222264,140.00472092971455,150.0,242.15537505907128,206.67741957895208,251.0,350.0,307.25744455522187,401.0,493.48445844875516,92.12230429927743,56.604914892128214,150.0,246.85891478310964,201.0,208.23127011376306,391.9423539794027,351.0,349.8813700267886,493.3480278888339,92.58570638007005,56.859443584684136,191.53966555758407,151.0,288.55315566931256,293.4133118656979,301.0,303.28135428372076,401.0,407.97998852847775,90.48222222222222,141.0577777777776,151.0,200.0,250.0,257.0581898600991,393.7058763777173,307.74307204424764,442.95145156766466,408.7780623913669,501.0,56.648552253771825,191.50519255944906,151.0,293.2717328723754,251.0,301.0,305.6435326239944,401.0,493.3343958121458,50.0,143.10133390331998,106.81892384294486,111.58837330364909,159.13261852504687,301.0,350.0,437.9317294385686,443.0328090814901,451.0,456.778655291041,56.79326530553104,61.90793066714815,107.86362162957758,243.21535691039884,207.9366162260589,301.0,299.645386393625,401.0,408.0686195707405,92.65653441357435,143.8655555555556,106.28116024550428,200.0,250.0,203.71992403263656,350.0,351.0,450.0,41.30000000000009,50.0,56.60921560473728,101.0,100.26468222353421,157.87888293603723,300.0,257.50253397237486,450.7966224481703,353.1661169479568,493.1120385962081,50.0,96.63555555555548,49.12,50.0,49.58,99.11555555555552,99.11555555555552,50.0,51.0,50.0,61.82000000000015,100.0,143.56888888888895,100.0,100.42,100.0,146.37555555555548,144.05666666666673,56.1344444444446,101.0,196.62555555555554,150.0,151.0,150.0,150.0,150.0,150.0,150.0,100.88444444444465,150.0,200.42000000000002,200.0,155.87777777777794,246.6355555555555,243.86555555555566,200.0,200.0,201.0,244.05666666666679,200.0,296.66555555555357,250.0,296.18555555555366,250.0,250.0,250.0,249.12,205.9433333333335,251.0,250.0,346.1055555555533,300.0,300.0,300.0,300.0,300.0,348.5399999999974,301.0,300.0,256.13444444444286,396.3755555555532,350.0,350.0,393.8655555555537,396.595555555553,350.0,394.12222222222044,303.3744444444426,397.3799999999975,350.0,449.69111111110846,400.0,400.0,400.0,350.8844444444423,400.0,400.0,400.0,443.9711111111093,350.8844444444423,493.7399999999982,488.7555555555535,488.17999999999796,450.0,450.0,493.7399999999982,449.12,450.0,450.0,399.15777777777555,500.0,500.0,500.0,500.0,500.0,500.0,500.0,500.0,46.68333333333346,27399.0
456.1477584544327,56.66660189972162,67.07396741937788,246.53071653104504,301.48752073283623,300.0,350.0,443.70311797718017,401.0,493.1247654507779,506.00666666666706,140.5802764852701,150.0,242.64093061462685,206.68741957895207,251.0,350.0,306.6818889996663,401.0,493.4744584487552,92.58785985483298,56.61491489212821,150.0,246.81891478310965,201.0,207.7457145582075,392.42790953495825,351.0,349.305814471233,493.3380278888339,93.0512619356256,56.759443584684135,192.11522111313963,151.0,288.55315566931256,293.4033118656979,301.0,303.18135428372074,401.0,407.4944329729222,91.05777777777777,141.58333333333317,151.0,200.0,250.0,257.0681898600991,394.11143193327285,307.16751648869206,442.94145156766467,408.2725068358114,501.0,56.65855225377182,192.01074811500462,151.0,293.84728842793095,251.0,301.0,305.06797706843884,401.0,493.3243958121458,50.0,143.67688945887554,106.82892384294486,111.58837330364909,158.5570629694913,301.0,350.0,437.9317294385686,443.0228090814901,451.0,456.2030997354854,56.803265305531035,61.90793066714815,107.28806607402203,243.20535691039885,207.45106067050335,301.0,299.06983083806944,401.0,407.4930640151849,93.1620899691299,144.06111111111116,106.29116024550429,200.0,250.0,203.65992403263655,350.0,351.0,450.0,41.39000000000009,50.0,56.61921560473728,101.0,101.0,157.41332738048166,300.0,256.9269784168193,451.3721780037258,353.20611694795684,493.1020385962081,50.0,96.59555555555548,48.62,49.58,49.12,99.69111111111107,99.69111111111107,50.0,51.0,50.0,61.82000000000015,100.0,143.6944444444445,100.0,100.88,100.0,146.3355555555555,144.1222222222223,56.02888888888904,101.0,196.58555555555554,150.0,151.0,150.0,150.0,150.0,150.0,150.0,100.3088888888891,150.0,200.88000000000002,201.0,155.83222222222238,246.5955555555555,243.9711111111112,200.0,200.0,201.0,244.12222222222235,200.0,296.62555555555355,250.0,296.14555555555364,250.0,250.0,250.0,248.62,205.87777777777794,251.0,250.0,346.06555555555326,300.0,300.0,300.0,300.0,300.0,349.11555555555293,301.0,300.0,256.0288888888873,396.3355555555532,350.0,350.41999999999996,393.9711111111093,396.555555555553,351.0,394.167777777776,303.4144444444426,397.2999999999975,350.0,450.0,400.0,400.41999999999996,399.58,350.3088888888867,400.0,400.0,400.0,444.05666666666485,350.3088888888867,493.8655555555537,488.7555555555535,488.17999999999796,449.58,450.0,493.8655555555537,448.62,450.0,450.0,398.58222222221997,500.0,500.41999999999996,500.0,500.0,500.0,500.0,500.0,500.0,46.64333333333346,27599.0
455.5722028988771,56.67660189972162,67.07396741937788,246.63071653104507,302.06307628839176,300.0,350.0,444.2786735327357,401.0,493.1147654507779,505.4311111111115,141.15583204082566,150.0,243.10648617018242,206.69741957895206,251.0,350.0,306.1063334441107,401.0,493.4644584487552,93.03341541038853,56.62491489212821,150.0,246.77891478310966,201.0,207.19015900265197,392.8934650905138,351.0,348.73025891567744,493.3280278888339,93.58681749118115,56.619443584684134,192.6407766686952,151.0,288.55315566931256,293.3933118656979,301.0,303.04135428372075,401.0,407.02887741736663,91.63333333333333,142.08888888888873,151.0,200.0,250.0,257.0781898600991,394.11143193327285,306.5919609331365,442.9314515676647,407.6969512802558,501.0,56.66855225377182,192.4963036705602,151.0,294.4228439834865,251.0,301.0,304.49242151288325,401.0,493.3143958121458,50.0,144.2524450144311,106.83892384294487,111.58837330364909,157.98150741393576,301.0,350.0,437.9317294385686,443.0128090814901,451.0,455.6275441799298,56.81326530553103,61.90793066714815,106.71251051846647,243.19535691039886,206.98550511494778,301.0,298.49427528251385,401.0,406.91750845962935,93.64764552468544,144.29666666666674,106.30116024550429,200.0,249.58,203.55992403263656,350.0,351.0,450.0,41.46000000000009,50.0,56.629215604737276,101.0,101.0,156.9677718249261,300.0,256.3514228612637,451.94773355928135,353.24611694795686,493.0920385962081,50.42,96.55555555555547,48.08,49.12,48.62,100.0,100.0,50.42,51.0,50.0,61.82000000000015,100.0,143.80000000000007,100.0,101.38,100.0,146.3955555555555,144.16777777777784,55.943333333333484,101.0,196.64555555555555,150.0,151.0,150.0,150.0,150.0,150.0,150.0,99.73333333333355,150.0,201.38000000000002,201.0,155.80666666666684,246.55555555555551,244.05666666666679,200.0,200.0,201.0,244.1677777777779,200.0,296.5855555555535,250.42000000000002,296.20555555555364,251.0,250.0,250.0,248.08,205.83222222222238,251.0,250.0,346.02555555555324,300.0,300.0,300.0,300.0,300.0,349.69111111110846,301.0,300.0,255.94333333333176,396.3955555555532,350.0,350.87999999999994,394.05666666666485,396.615555555553,351.0,394.19333333333157,303.45444444444263,397.2199999999975,350.41999999999996,450.0,400.0,400.87999999999994,399.12,349.73333333333113,400.0,400.0,400.0,444.12222222222044,349.73333333333113,494.06111111110926,488.7555555555535,488.17999999999796,449.12,450.0,493.9711111111093,448.08,450.0,449.58,398.0066666666644,500.0,500.87999999999994,499.58,499.58,501.0,500.0,500.0,500.0,46.60333333333346,27799.0
454.9966473433215,56.686601899721616,67.07396741937788,246.77071653104508,302.6386318439473,300.0,350.0,444.8542290882912,401.0,493.1047654507779,504.8555555555559,141.68138759638123,150.0,243.64204172573798,206.70741957895206,251.0,350.0,305.5307778885551,401.0,493.4544584487552,93.54897096594408,56.63491489212821,150.0,247.17891478310966,201.0,206.6146034470964,393.4290206460694,351.0,348.15470336012186,493.3180278888339,94.1623730467367,56.439443584684135,193.14633222425076,151.0,288.55315566931256,293.3833118656979,301.0,302.86135428372074,401.0,406.5833218618111,92.20888888888888,142.5744444444443,151.0,200.0,250.0,257.0881898600991,394.11143193327285,306.0164053775809,442.9214515676647,407.1213957247002,501.0,56.67855225377182,193.05185922611577,151.0,294.998399539042,251.0,301.0,303.9168659573277,401.0,493.3043958121458,50.0,144.82800056998664,106.84892384294487,111.58837330364909,157.4059518583802,301.0,350.0,437.9317294385686,443.0028090814901,451.0,455.05198862437425,56.82326530553103,61.90793066714815,106.13695496291092,243.18535691039887,206.53994955939223,301.0,297.9187197269583,401.0,406.34195290407376,94.113201080241,144.5722222222223,106.3111602455043,200.0,249.12,203.41992403263657,350.0,351.0,450.0,41.46000000000009,50.0,56.639215604737274,101.0,101.0,156.45221626937055,300.0,255.77586730570815,452.52328911483687,353.2861169479569,493.0820385962081,50.88,96.61555555555547,47.504444444444445,48.62,48.08,100.0,100.0,50.88,51.0,50.0,61.82000000000015,100.0,143.88555555555564,100.0,101.91999999999999,100.0,146.4955555555555,144.1933333333334,55.87777777777793,101.0,196.74555555555557,150.0,151.0,150.0,150.0,150.0,150.42000000000002,150.0,99.157777777778,150.0,201.92000000000004,201.0,155.80111111111128,246.61555555555552,244.12222222222235,200.0,200.0,201.0,244.19333333333347,200.0,296.6455555555535,250.88000000000002,296.3055555555536,251.0,250.0,250.0,247.50444444444446,205.80666666666684,251.0,250.0,345.9855555555532,300.0,300.0,300.0,300.0,300.0,350.266666666664,301.0,300.0,255.8777777777762,396.49555555555315,350.0,351.37999999999994,394.12222222222044,396.71555555555295,351.0,394.19888888888715,303.49444444444265,397.13999999999754,350.87999999999994,450.0,400.0,401.37999999999994,398.62,349.15777777777555,400.0,400.0,400.0,444.167777777776,349.15777777777555,494.2966666666648,488.7555555555535,488.17999999999796,448.62,450.0,494.05666666666485,447.5044444444444,450.0,449.12,397.4311111111088,500.0,501.37999999999994,499.12,499.12,501.0,500.0,500.0,500.0,47.00333333333346,27999.0
454.42109178776593,56.696601899721614,67.07396741937788,246.9507165310451,303.2141873995028,300.0,350.0,445.42978464384674,401.0,493.0947654507779,504.2800000000003,142.1869431519368,150.42000000000002,244.12759728129356,206.71741957895205,251.0,350.0,304.95522233299954,401.0,493.4444584487552,94.10452652149964,56.644914892128206,150.0,247.57891478310967,201.0,206.03904789154086,394.0045762016249,351.0,347.5791478045663,493.3080278888339,94.73792860229226,56.219443584684136,193.63188777980633,151.0,288.55315566931256,293.37331186569793,301.0,302.6413542837207,401.0,406.0677663062555,92.78444444444443,143.03999999999988,151.0,200.0,250.0,257.09818986009907,394.11143193327285,305.4408498220253,442.9114515676647,406.59584016914465,501.0,56.68855225377182,193.62741478167132,151.0,295.5739550945975,251.0,301.0,303.3413104017721,401.0,493.2943958121458,50.0,145.4035561255422,106.85892384294488,111.58837330364909,156.83039630282465,301.0,350.0,437.9317294385686,442.9928090814901,451.0,454.47643306881866,56.83326530553103,61.90793066714815,105.56139940735537,243.17535691039888,206.02439400383668,301.0,297.3431641714027,401.0,405.7663973485182,94.55875663579654,144.88777777777787,106.3211602455043,200.0,248.62,203.23992403263657,350.0,351.0,450.0,41.86000000000009,50.0,56.64921560473727,101.0,101.0,155.896660713815,300.0,255.2003117501526,453.0988446703924,353.3261169479569,493.07203859620813,51.38,96.71555555555547,46.92888888888889,48.08,47.504444444444445,100.0,100.0,51.38,51.0,50.0,61.82000000000015,100.0,143.9511111111112,100.0,102.49555555555554,100.0,146.63555555555553,144.19888888888897,55.83222222222238,101.0,196.88555555555558,150.0,151.0,150.0,150.0,150.0,150.88000000000002,150.0,98.58222222222244,150.0,202.4955555555556,201.0,155.81111111111127,246.71555555555554,244.1677777777779,200.0,200.0,201.0,244.19888888888903,200.0,296.7455555555535,251.38000000000002,296.4455555555536,251.0,250.0,250.0,246.9288888888889,205.80111111111128,251.0,250.0,345.9455555555532,300.0,300.0,300.0,300.0,300.0,350.8422222222195,301.0,300.0,255.83222222222065,396.63555555555314,350.0,351.9199999999999,394.167777777776,396.67555555555293,351.0,394.18888888888716,303.53444444444267,397.05999999999756,351.37999999999994,450.0,400.0,401.9199999999999,398.08,348.58222222221997,400.0,400.0,400.0,444.19333333333157,348.58222222221997,494.5722222222203,488.7555555555535,488.17999999999796,448.08,450.0,494.12222222222044,446.9288888888888,450.0,448.62,396.8555555555532,500.0,501.9199999999999,498.62,498.62,501.0,500.0,500.0,500.0,47.40333333333346,28199.0
453.84553623221035,56.70660189972161,67.07396741937788,247.1707165310451,303.78974295505833,300.0,350.0,446.00534019940227,401.0,493.0847654507779,503.70444444444473,142.67249870749237,150.88000000000002,244.59315283684913,206.72741957895204,251.0,350.0,304.37966677744396,401.0,493.4344584487552,94.68008207705519,56.654914892128204,150.0,247.97891478310967,201.0,205.4634923359853,394.5801317571804,351.0,347.0035922490107,493.29802788883393,95.31348415784781,55.95944358468414,194.0974433353619,151.0,288.55315566931256,293.36331186569794,301.0,302.3813542837207,401.0,405.5122107507,93.35999999999999,143.57555555555544,151.0,200.0,250.0,257.10818986009906,394.11143193327285,304.91529426646974,442.9014515676647,406.0902846135891,501.0,56.698552253771815,194.20297033722687,151.0,296.14951065015305,251.0,301.0,302.7657548462165,401.0,493.2843958121458,50.0,145.97911168109775,106.86892384294488,111.58837330364909,156.2548407472691,301.0,350.0,437.9317294385686,442.98280908149013,451.0,453.9008775132631,56.84326530553103,61.90793066714815,104.98584385179981,243.16535691039888,205.46883844828113,301.0,296.7676086158471,401.0,405.1908417929626,94.98431219135209,145.24333333333342,106.33116024550431,200.0,248.08,203.01992403263657,350.0,351.0,450.0,42.26000000000009,50.0,56.65921560473727,101.0,101.0,155.32110515825946,300.0,254.62475619459704,453.6744002259479,353.3661169479569,493.06203859620814,51.92000000000001,96.85555555555547,46.35333333333334,47.504444444444445,46.92888888888889,100.0,100.0,51.92000000000001,51.0,50.0,61.82000000000015,100.0,143.99666666666675,100.0,103.0711111111111,100.0,146.81555555555553,144.18888888888898,55.80666666666682,101.0,197.0655555555556,150.0,151.0,150.0,150.0,150.0,151.38000000000002,150.0,98.00666666666689,150.0,203.07111111111115,201.0,155.82111111111126,246.85555555555555,244.19333333333347,200.0,200.0,201.0,244.18888888888904,200.0,296.8855555555535,251.92000000000004,296.6255555555536,251.0,250.0,250.0,246.35333333333335,205.81111111111127,251.0,250.0,345.9055555555532,300.0,300.0,300.0,300.0,300.0,351.41777777777503,301.0,300.0,255.8066666666651,396.81555555555315,350.0,352.4955555555554,394.19333333333157,396.6355555555529,351.0,394.1788888888872,303.5744444444427,396.9799999999976,351.9199999999999,450.0,400.0,402.4955555555554,397.5044444444444,348.0066666666644,400.0,400.0,400.0,444.19888888888715,348.0066666666644,494.88777777777585,488.7555555555535,488.17999999999796,447.5044444444444,450.0,494.167777777776,446.35333333333324,450.0,448.08,396.27999999999764,500.0,502.4955555555554,498.08,498.08,501.0,500.0,500.0,500.0,47.803333333333455,28399.0
453.26998067665477,56.71660189972161,67.07396741937788,247.4307165310451,304.36529851061385,300.0,350.0,446.5808957549578,401.0,493.07476545077793,503.12888888888915,143.13805426304793,151.38000000000002,245.0387083924047,206.73741957895203,251.0,350.0,303.8041112218884,401.0,493.4244584487552,95.25563763261074,56.6649148921282,150.0,248.37891478310968,201.0,204.88793678042975,395.105687312736,351.0,346.4280366934551,493.28802788883394,95.88903971340336,55.65944358468414,194.54299889091746,151.0,288.55315566931256,293.35331186569795,301.0,302.0813542837207,401.0,404.9366551951444,93.93555555555554,144.151111111111,151.0,200.0,250.0,257.11818986009905,394.11143193327285,304.4097387109142,442.8914515676647,405.60472905803357,501.0,56.70855225377181,194.77852589278243,151.0,296.7250662057086,251.0,301.0,302.1901992906609,401.0,493.2743958121458,50.0,146.5546672366533,106.87892384294489,111.58837330364909,155.67928519171355,301.0,350.0,437.9317294385686,442.97280908149014,451.0,453.3253219577075,56.853265305531025,61.90793066714815,104.41028829624426,243.1553569103989,204.89328289272558,301.0,296.1920530602915,401.0,404.615286237407,95.38986774690764,145.638888888889,106.34116024550431,200.0,247.50444444444446,202.75992403263658,350.0,351.0,450.0,42.66000000000009,50.0,56.66921560473727,101.0,101.0,154.7455496027039,300.0,254.0492006390415,454.24995578150344,353.40611694795695,493.05203859620815,52.49555555555557,97.03555555555546,45.777777777777786,46.92888888888889,46.35333333333334,100.0,100.0,52.49555555555557,51.0,50.0,61.82000000000015,100.0,144.02222222222233,100.0,103.64666666666665,100.0,147.03555555555553,144.178888888889,55.80111111111127,101.0,197.2855555555556,150.0,151.0,150.0,150.0,150.0,151.92000000000004,150.0,97.43111111111133,150.0,203.6466666666667,201.0,155.83111111111126,247.03555555555556,244.19888888888903,200.0,200.0,201.0,244.17888888888905,200.0,297.0655555555535,252.4955555555556,296.8455555555536,251.0,250.0,250.0,245.7777777777778,205.82111111111126,251.0,250.0,345.86555555555316,300.0,300.0,300.0,300.0,300.0,351.99333333333055,301.0,300.0,255.80111111110955,397.0355555555531,350.0,353.07111111111095,394.19888888888715,396.5955555555529,351.0,394.1688888888872,303.6144444444427,396.8999999999976,352.4955555555554,450.0,400.0,403.07111111111095,396.9288888888888,347.4311111111088,400.0,400.0,400.0,444.18888888888716,347.4311111111088,495.2433333333314,488.7555555555535,488.17999999999796,446.9288888888888,450.0,494.19333333333157,445.77777777777766,450.0,447.5044444444444,395.70444444444206,500.0,503.07111111111095,497.5044444444444,497.5044444444444,501.0,500.0,500.0,500.0,48.203333333333454,28599.0
452.6944251210992,56.72660189972161,67.07396741937788,247.73071653104512,304.9408540661694,300.0,350.0,447.1564513105133,401.0,493.06476545077794,502.55333333333357,143.5836098186035,151.92000000000004,245.55426394796027,206.74741957895202,251.0,350.0,303.2285556663328,401.0,493.4144584487552,95.8311931881663,56.6749148921282,150.0,248.77891478310968,201.0,204.3123812248742,395.6112428682916,351.0,345.85248113789953,493.27802788883395,96.46459526895892,55.31944358468414,194.96855444647304,151.0,288.55315566931256,293.34331186569796,301.0,301.74135428372074,401.0,404.3610996395888,94.51111111111109,144.72666666666655,151.0,200.0,250.0,257.12818986009904,394.11143193327285,304.01418315535864,442.8814515676647,405.139173502478,501.0,56.71855225377181,195.35408144833798,151.0,297.3006217612641,251.0,301.0,301.61464373510535,401.0,493.26439581214584,50.0,147.13022279220885,106.88892384294489,111.58837330364909,155.103729636158,301.0,350.0,437.9317294385686,442.96280908149015,451.0,452.7497664021519,56.86326530553102,61.90793066714815,103.83473274068871,243.1453569103989,204.31772733717003,301.0,295.61649750473595,401.0,404.03973068185144,95.7754233024632,146.07444444444457,106.35116024550432,200.0,246.9288888888889,202.45992403263656,350.0,351.0,450.0,43.06000000000009,50.0,56.679215604737266,101.0,101.0,154.16999404714835,300.0,253.47364508348593,454.82551133705897,353.44611694795697,493.04203859620816,53.07111111111113,97.25555555555546,45.20222222222223,46.35333333333334,45.777777777777786,100.0,100.0,53.07111111111113,51.0,50.0,61.82000000000015,100.0,144.02777777777789,100.0,104.2222222222222,100.0,147.29555555555555,144.168888888889,55.811111111111266,101.0,197.5455555555556,150.0,151.0,150.0,150.0,150.0,152.4955555555556,150.0,96.85555555555578,150.0,204.22222222222226,201.0,155.84111111111125,247.25555555555556,244.18888888888904,200.0,200.0,201.0,244.16888888888906,200.0,297.28555555555346,253.07111111111115,297.10555555555356,251.0,250.0,250.0,245.20222222222225,205.83111111111126,251.0,250.0,345.82555555555314,300.0,300.0,300.0,300.0,300.0,352.5688888888861,301.0,300.0,255.81111111110954,397.2955555555531,350.0,353.6466666666665,394.18888888888716,396.55555555555287,351.0,394.1588888888872,303.65444444444273,396.85999999999757,353.07111111111095,450.0,400.0,403.6466666666665,396.35333333333324,346.8555555555532,400.0,400.0,400.0,444.1788888888872,346.8555555555532,495.6388888888869,488.7555555555535,488.17999999999796,446.35333333333324,450.0,494.19888888888715,445.2022222222221,450.0,446.9288888888888,395.1288888888865,500.0,503.6466666666665,496.9288888888888,496.9288888888888,501.0,500.0,500.0,500.0,48.60333333333345,28799.0
452.1188695655436,56.736601899721606,67.07396741937788,248.07071653104512,305.5164096217249,300.0,350.0,447.73200686606884,401.0,493.05476545077795,501.977777777778,144.00916537415907,152.4955555555556,246.10981950351584,206.757419578952,251.0,350.0,302.6530001107772,401.0,493.40445844875524,96.40674874372185,56.6849148921282,150.0,249.1789147831097,201.0,203.73682566931865,396.0067984238471,351.0,345.27692558234395,493.26802788883396,97.04015082451447,54.939443584684135,195.3741100020286,151.0,288.55315566931256,293.33331186569797,301.0,301.36135428372074,401.0,403.78554408403323,95.08666666666664,145.25222222222212,151.0,200.0,250.0,257.13818986009903,394.11143193327285,303.6986275998031,442.87145156766474,404.6936179469225,501.0,56.72855225377181,195.92963700389353,151.0,297.8761773168196,251.0,301.0,301.03908817954976,401.0,493.25439581214584,50.0,147.7057783477644,106.8989238429449,111.58837330364909,154.52817408060244,301.0,350.0,437.9317294385686,442.95280908149016,451.0,452.17421084659634,56.87326530553102,61.90793066714815,103.25917718513315,243.1353569103989,203.74217178161447,301.0,295.04094194918036,401.0,403.46417512629586,96.05097885801875,146.55000000000013,106.36116024550432,200.0,246.35333333333335,202.11992403263656,350.0,351.0,450.0,43.43000000000009,50.0,56.689215604737264,101.0,101.0,153.5944384915928,300.0,252.89808952793038,455.4010668926145,353.486116947957,493.03203859620817,53.64666666666669,97.51555555555545,44.62666666666668,45.777777777777786,45.20222222222223,100.0,100.0,53.64666666666669,51.0,50.0,61.82000000000015,100.0,144.0177777777779,100.0,104.79777777777775,100.0,147.29555555555555,144.158888888889,55.821111111111264,101.0,197.84555555555562,150.0,151.0,150.0,150.0,150.0,153.07111111111115,150.0,96.28000000000023,150.0,204.7977777777778,201.0,155.85111111111124,247.51555555555558,244.17888888888905,200.0,200.0,201.0,244.15888888888907,200.0,297.54555555555345,253.6466666666667,297.4055555555535,251.0,250.0,250.0,244.6266666666667,205.84111111111125,251.0,250.0,345.7855555555531,300.0,300.0,300.0,300.0,300.0,353.1444444444416,301.0,300.0,255.82111111110953,397.59555555555306,350.0,354.222222222222,394.1788888888872,396.51555555555285,351.0,394.1488888888872,303.69444444444275,396.81999999999755,353.6466666666665,450.0,400.0,404.222222222222,395.77777777777766,346.27999999999764,400.0,400.0,400.0,444.1688888888872,346.27999999999764,496.07444444444246,488.7555555555535,488.17999999999796,445.77777777777766,450.0,494.18888888888716,444.6266666666665,450.0,446.35333333333324,394.5533333333309,500.0,504.222222222222,496.35333333333324,496.35333333333324,501.0,500.0,500.0,500.0,49.00333333333345,28999.0
451.543314009988,56.746601899721604,67.07396741937788,248.45071653104515,306.09196517728043,300.0,350.0,448.30756242162437,401.0,493.04476545077796,501.4022222222224,144.41472092971463,153.07111111111115,246.6853750590714,206.767419578952,251.0,350.0,302.07744455522163,401.0,493.39445844875524,96.9823042992774,56.694914892128196,150.0,249.5789147831097,201.0,203.1612701137631,396.32235397940264,351.0,344.70137002678837,493.25802788883396,97.61570638007002,54.51944358468413,195.75966555758416,151.0,288.55315566931256,293.323311865698,301.0,300.9413542837207,401.0,403.20998852847765,95.6622222222222,145.75777777777768,151.0,200.0,250.0,257.148189860099,394.11143193327285,303.46307204424755,442.86145156766474,404.2680623913669,501.0,56.73855225377181,196.50519255944909,151.0,298.45173287237515,251.0,301.0,300.4635326239942,401.0,493.24439581214585,50.0,148.28133390331996,106.9089238429449,111.58837330364909,153.9526185250469,301.0,350.0,437.9317294385686,442.94280908149017,451.0,451.59865529104076,56.88326530553102,61.90793066714815,102.6836216295776,243.12535691039892,203.16661622605892,301.0,294.4653863936248,401.0,402.8886195707403,96.2465344135743,147.0655555555557,106.37116024550433,200.0,245.7777777777778,201.73992403263657,350.0,351.0,450.0,43.78000000000009,50.0,56.69921560473726,101.0,101.0,153.01888293603724,300.0,252.32253397237483,455.97662244817,353.526116947957,493.0220385962082,54.22222222222225,97.81555555555545,44.051111111111126,45.20222222222223,44.62666666666668,100.0,100.0,54.22222222222225,51.0,50.0,61.82000000000015,100.0,144.0077777777779,100.0,105.3733333333333,100.0,147.21555555555554,144.14888888888902,55.83111111111126,101.0,198.18555555555562,150.0,151.0,150.0,150.0,150.0,153.6466666666667,150.0,95.70444444444468,150.0,205.37333333333336,201.0,155.86111111111123,247.8155555555556,244.16888888888906,200.0,200.0,201.0,244.14888888888908,200.0,297.8455555555534,254.22222222222226,297.7455555555535,251.0,250.0,250.0,244.05111111111114,205.85111111111124,251.0,250.0,345.7455555555531,300.0,300.0,300.0,300.0,300.0,353.7199999999971,301.0,300.0,255.83111111110952,397.93555555555304,350.0,354.7977777777775,394.1688888888872,396.47555555555283,351.0,394.1388888888872,303.7344444444428,396.77999999999753,354.222222222222,450.0,400.0,404.7977777777775,395.2022222222221,345.70444444444206,400.0,400.0,400.0,444.1588888888872,345.70444444444206,496.549999999998,488.7555555555535,488.17999999999796,445.2022222222221,450.0,494.1788888888872,444.0511111111109,450.0,445.77777777777766,393.9777777777753,500.0,504.7977777777775,495.77777777777766,495.77777777777766,501.0,500.0,500.0,500.0,49.163333333333455,29199.0
450.96775845443244,56.7566018997216,67.07396741937788,248.87071653104516,306.66752073283595,300.0,350.0,448.8831179771799,401.0,493.03476545077797,500.8266666666668,144.8002764852702,153.6466666666667,247.26093061462694,206.777419578952,251.0,350.0,301.50188899966605,401.0,493.38445844875525,97.55785985483296,56.704914892128194,150.0,249.9789147831097,201.0,202.58571455820754,396.5579095349582,351.0,344.1258144712328,493.248027888834,98.19126193562558,54.05944358468413,196.03522111313973,151.0,288.55315566931256,293.313311865698,301.0,300.48135428372075,401.0,402.63443297292207,96.23777777777775,146.15333333333325,151.0,200.0,250.0,257.158189860099,394.11143193327285,303.307516488692,442.85145156766475,403.9525068358114,501.0,56.748552253771805,197.08074811500464,151.0,299.02728842793067,251.0,301.0,301.0,401.0,493.23439581214586,50.0,148.85688945887551,106.9189238429449,111.58837330364909,153.37706296949133,301.0,350.0,437.9317294385686,442.9328090814902,451.0,451.0230997354852,56.89326530553102,61.90793066714815,102.10806607402205,243.11535691039893,202.59106067050337,301.0,293.8898308380692,401.0,402.3130640151847,96.36208996912984,147.62111111111128,106.38116024550433,200.0,245.20222222222225,201.31992403263658,350.0,351.0,450.0,44.1100000000001,50.0,56.70921560473726,101.0,101.0,152.4433273804817,300.0,251.74697841681927,456.55217800372554,353.566116947957,493.0120385962082,54.79777777777781,98.15555555555544,43.47555555555557,44.62666666666668,44.051111111111126,100.0,100.0,54.79777777777781,51.0,50.0,61.82000000000015,100.0,143.9977777777779,100.0,105.94888888888886,100.0,147.13555555555553,144.13888888888903,55.84111111111126,101.0,198.56555555555565,150.0,151.0,150.0,150.0,150.0,154.22222222222226,150.0,95.12888888888912,150.0,205.94888888888892,201.0,155.87111111111122,248.1555555555556,244.15888888888907,200.0,200.0,201.0,244.13888888888908,200.0,298.1855555555534,254.7977777777778,298.1255555555535,251.0,250.0,250.0,243.4755555555556,205.86111111111123,251.0,250.0,345.7055555555531,300.0,300.0,300.0,300.0,300.0,354.29555555555265,301.0,300.0,255.8411111111095,398.31555555555303,350.0,355.37333333333305,394.1588888888872,396.4355555555528,351.0,394.1288888888872,303.7744444444428,396.7399999999975,354.7977777777775,450.0,400.0,405.37333333333305,394.6266666666665,345.1288888888865,400.0,400.0,400.0,444.1488888888872,345.1288888888865,497.06555555555354,488.7555555555535,488.17999999999796,444.6266666666665,450.0,494.1688888888872,443.47555555555533,450.0,445.2022222222221,393.40222222221973,500.0,505.37333333333305,495.2022222222221,495.2022222222221,501.0,500.0,500.0,500.0,49.163333333333455,29399.0
450.39220289887686,56.7666018997216,67.07396741937788,249.03071653104516,307.2430762883915,300.0,350.0,449.4586735327354,401.0,493.024765450778,500.25111111111124,145.16583204082576,154.22222222222226,247.8364861701825,206.78741957895198,251.0,350.0,300.92633344411047,401.0,493.37445844875526,98.13341541038851,56.71491489212819,150.0,250.0,201.0,202.010159002652,396.7134650905137,351.0,343.5502589156772,493.238027888834,98.76681749118113,53.55944358468413,196.23077666869528,151.0,288.55315566931256,293.303311865698,301.0,299.98135428372075,401.0,402.0588774173665,96.8133333333333,146.4688888888888,151.0,200.0,250.0,257.168189860099,394.11143193327285,303.2319609331364,442.84145156766476,403.71695128025584,501.0,56.7585522537718,197.6563036705602,151.0,299.6028439834862,251.0,301.0,301.0,401.0,493.2243958121459,50.0,149.17244501443105,106.92892384294491,111.58837330364909,152.94150741393577,301.0,350.0,437.9317294385686,442.9228090814902,451.0,450.4475441799296,56.903265305531015,61.90793066714815,101.5325105184665,243.10535691039894,202.0155051149478,301.0,293.3142752825136,401.0,401.7375084596291,96.39764552468539,148.19666666666683,106.39116024550434,200.0,244.6266666666667,200.85992403263657,350.0,351.0,450.0,44.4200000000001,50.0,56.71921560473726,101.0,101.0,151.86777182492614,300.0,251.17142286126372,457.12773355928107,353.60611694795705,493.0020385962082,55.37333333333337,98.53555555555543,42.90000000000002,44.051111111111126,43.47555555555557,100.0,100.0,55.37333333333337,51.0,50.0,61.82000000000015,100.0,143.98777777777792,100.0,106.52444444444441,100.0,147.05555555555551,144.12888888888904,55.85111111111126,101.0,198.98555555555566,150.0,151.0,150.0,150.0,150.0,154.7977777777778,150.0,94.55333333333357,150.0,206.52444444444447,201.0,155.8811111111112,248.53555555555562,244.14888888888908,200.0,200.0,201.0,244.1288888888891,200.0,298.5655555555534,255.37333333333336,298.54555555555345,251.0,250.0,250.0,242.90000000000003,205.87111111111122,251.0,250.0,345.66555555555306,300.0,300.0,300.0,300.0,300.0,354.8711111111082,301.0,300.0,255.8511111111095,398.735555555553,350.0,355.9488888888886,394.1488888888872,396.3955555555528,351.0,394.1188888888872,303.8144444444428,396.6999999999975,355.37333333333305,450.0,400.0,405.9488888888886,394.0511111111109,344.5533333333309,400.0,400.0,400.0,444.1388888888872,344.5533333333309,497.6211111111091,488.7555555555535,488.17999999999796,444.0511111111109,450.0,494.1588888888872,442.89999999999975,450.0,444.6266666666665,392.82666666666415,500.0,505.9488888888886,494.6266666666665,494.6266666666665,501.0,500.0,500.0,500.0,49.08333333333346,29599.0
451.0,56.7766018997216,67.07396741937788,249.03071653104516,307.818631843947,300.0,350.0,450.03422908829094,401.0,493.014765450778,499.67555555555566,145.51138759638133,154.7977777777778,248.41204172573805,206.79741957895197,251.0,350.0,300.3507778885549,401.0,493.3644584487553,98.70897096594406,56.72491489212819,150.0,250.0,201.0,201.43460344709644,396.7890206460692,351.0,342.9747033601216,493.228027888834,99.34237304673668,53.01944358468413,196.34633222425086,151.0,288.55315566931256,293.293311865698,301.0,299.4413542837207,401.0,401.4833218618109,97.38888888888886,146.70444444444436,151.0,200.0,250.0,257.178189860099,394.11143193327285,303.23640537758087,442.83145156766477,403.5613957247003,501.0,56.7685522537718,198.23185922611574,151.0,300.0,251.0,301.0,301.41999999999996,401.0,493.2143958121459,50.0,149.32800056998659,106.93892384294492,111.58837330364909,152.5859518583802,301.0,350.0,437.9317294385686,442.9128090814902,451.0,449.871988624374,56.91326530553101,61.90793066714815,100.95695496291094,243.09535691039895,201.43994955939226,301.0,292.73871972695804,401.0,401.16195290407353,96.35764552468538,148.77222222222238,106.40116024550434,200.0,244.05111111111114,200.35992403263657,350.0,351.0,450.0,44.7100000000001,50.0,56.729215604737256,101.0,101.0,151.29221626937058,300.0,250.59586730570817,457.7032891148366,353.64611694795707,492.9920385962082,55.94888888888893,98.95555555555543,42.32444444444447,43.47555555555557,42.90000000000002,100.0,100.0,55.94888888888893,51.0,50.0,61.82000000000015,100.0,143.97777777777793,100.0,107.09999999999997,100.0,146.9755555555555,144.11888888888905,55.861111111111256,101.0,199.44555555555567,150.0,151.0,150.0,150.0,150.0,155.37333333333336,150.0,93.97777777777802,150.0,207.10000000000002,201.0,155.8911111111112,248.95555555555563,244.13888888888908,200.0,200.0,201.0,244.1188888888891,200.0,298.98555555555333,255.94888888888892,299.0055555555534,251.0,250.0,250.0,242.32444444444448,205.8811111111112,251.0,250.0,345.72555555555306,300.0,300.0,300.0,300.0,300.0,355.4466666666637,301.0,300.0,255.8611111111095,399.19555555555297,350.0,356.5244444444441,394.1388888888872,396.35555555555277,351.0,394.10888888888724,303.85444444444283,396.65999999999747,355.9488888888886,450.0,400.0,406.5244444444441,393.47555555555533,343.9777777777753,400.0,400.0,400.0,444.1288888888872,343.9777777777753,498.1966666666646,488.7555555555535,488.17999999999796,443.47555555555533,450.0,494.1488888888872,442.32444444444417,450.0,444.0511111111109,392.25111111110857,500.0,506.5244444444441,494.0511111111109,494.0511111111109,501.0,500.0,500.0,500.0,49.00333333333346,29799.0
451.0,56.786601899721596,67.07396741937788,248.95071653104515,308.3941873995025,300.0,350.41999999999996,450.60978464384647,401.0,493.004765450778,499.1000000000001,145.74694315193688,155.37333333333336,248.9875972812936,206.80741957895196,251.0,350.0,299.7752223329993,401.0,493.3544584487553,99.28452652149961,56.73491489212819,150.0,251.0,201.0,200.85904789154088,396.78457620162476,351.0,342.39914780456604,493.218027888834,99.91792860229224,52.44388802912858,196.38188777980642,151.0,288.55315566931256,293.283311865698,301.0,298.86579872816515,401.0,400.9077663062553,97.96444444444441,146.85999999999993,151.0,200.0,250.0,257.188189860099,394.11143193327285,303.2764053775809,442.8214515676648,403.4858401691447,501.0,56.7785522537718,198.8074147816713,151.0,300.0,251.0,301.0,301.87999999999994,401.0,493.2043958121459,50.0,149.32355612554213,106.94892384294492,111.58837330364909,152.43039630282465,301.0,350.0,437.9317294385686,442.9028090814902,451.0,449.29643306881843,56.92326530553101,61.90793066714815,100.38139940735539,243.08535691039896,200.8643940038367,301.0,292.16316417140246,401.0,400.58639734851795,96.31764552468537,149.34777777777794,106.41116024550435,200.0,243.4755555555556,199.81992403263658,350.0,351.0,450.0,44.9800000000001,50.0,56.739215604737254,101.0,101.0,150.71666071381503,300.0,250.02031175015262,458.2788446703921,353.6861169479571,492.9820385962082,56.52444444444449,99.41555555555543,41.748888888888914,42.90000000000002,42.32444444444447,100.0,100.0,56.52444444444449,51.0,50.0,61.82000000000015,100.0,143.96777777777794,100.0,107.67555555555552,100.0,146.8955555555555,144.10888888888906,55.871111111111254,101.0,199.94555555555567,150.0,151.0,150.0,150.0,150.0,155.94888888888892,150.0,93.40222222222246,150.0,207.67555555555558,201.0,155.8311111111112,249.41555555555564,244.1288888888891,200.0,200.0,201.0,244.1088888888891,200.0,299.4455555555533,256.52444444444444,299.5055555555534,251.0,250.0,250.0,241.74888888888893,205.8911111111112,251.0,250.0,345.825555555553,300.0,300.0,300.0,300.0,300.0,356.0222222222192,301.0,300.0,255.87111111110949,399.69555555555297,350.0,357.0999999999996,394.1288888888872,396.31555555555275,351.0,394.09888888888725,303.89444444444285,396.61999999999745,356.5244444444441,450.0,400.0,407.0999999999996,392.89999999999975,343.40222222221973,400.0,400.0,400.0,444.1188888888872,343.40222222221973,498.77222222222014,488.7555555555535,488.17999999999796,442.89999999999975,450.0,494.1388888888872,441.7488888888886,450.0,443.47555555555533,391.675555555553,500.0,507.0999999999996,493.47555555555533,493.47555555555533,501.0,500.0,500.0,500.0,48.92333333333346,29999.0
451.0,56.796601899721594,67.07396741937788,248.87071653104513,308.96974295505805,300.0,350.87999999999994,451.185340199402,401.0,492.994765450778,498.5244444444445,145.90249870749244,155.94888888888892,249.56315283684916,206.81741957895196,251.0,350.0,299.1996667774437,401.0,493.3444584487553,99.86008207705517,56.744914892128186,150.42000000000002,251.0,201.0,200.28349233598533,396.74457620162474,351.0,341.82359224901046,493.208027888834,100.49348415784779,51.86833247357303,196.34188777980643,151.0,288.55315566931256,293.273311865698,301.0,298.29024317260956,401.0,400.33221075069974,98.53999999999996,146.93555555555548,151.0,200.0,250.0,257.198189860099,394.11143193327285,303.3164053775809,442.8114515676648,403.49028461358915,501.0,56.7885522537718,199.38297033722685,151.0,300.0,251.0,301.0,302.37999999999994,401.0,493.1943958121459,50.0,149.2435561255421,106.95892384294493,111.58837330364909,152.43484074726908,301.0,350.0,437.9317294385686,442.8928090814902,451.0,448.72087751326285,56.93326530553101,61.90793066714815,99.80584385179984,243.07535691039897,200.28883844828115,301.0,291.5876086158469,401.0,400.01084179296237,96.27764552468537,149.9233333333335,106.42116024550435,200.0,242.90000000000003,199.24436847708103,350.41999999999996,351.0,450.41999999999996,45.2300000000001,50.0,56.74921560473725,101.0,101.0,150.14110515825948,300.0,249.44475619459706,458.85440022594764,353.6261169479571,492.9720385962082,57.10000000000005,99.91555555555543,41.17333333333336,42.32444444444447,41.748888888888914,100.0,100.0,57.10000000000005,51.0,50.0,61.82000000000015,100.0,143.95777777777795,100.0,108.25111111111107,100.0,146.8555555555555,144.09888888888906,55.88111111111125,101.0,200.4855555555557,150.0,151.0,150.0,150.0,150.0,156.52444444444447,150.0,92.82666666666691,150.0,208.25111111111113,201.0,155.7311111111112,249.91555555555564,244.1188888888891,200.0,200.0,201.0,244.09888888888912,200.0,299.9455555555533,257.09999999999997,300.0,251.0,250.0,250.0,241.17333333333337,205.9011111111112,251.0,250.0,346.225555555553,300.0,300.0,300.0,300.0,300.0,356.59777777777475,301.0,300.0,255.88111111110948,400.0,350.0,357.67555555555515,394.1188888888872,396.2755555555527,351.0,394.08888888888725,303.9344444444429,396.5799999999974,357.0999999999996,450.0,400.0,407.67555555555515,392.32444444444417,342.82666666666415,400.0,400.0,400.0,444.10888888888724,342.82666666666415,499.34777777777566,488.7555555555535,488.17999999999796,442.32444444444417,450.0,494.1288888888872,441.173333333333,450.0,442.89999999999975,391.0999999999974,500.0,507.67555555555515,492.89999999999975,492.89999999999975,501.0,500.0,500.0,500.0,48.84333333333346,30199.0
451.0,56.80660189972159,67.07396741937788,248.79071653104512,309.5452985106136,300.0,351.37999999999994,451.7608957549575,401.0,492.984765450778,497.9488888888889,146.158054263048,156.52444444444447,250.0,206.82741957895195,251.0,349.58,298.62411122188814,401.0,493.3344584487553,100.0,56.754914892128184,150.88000000000002,251.0,201.0,199.70793678042978,396.7045762016247,351.0,341.2480366934549,493.198027888834,101.06903971340334,51.29277691801747,196.30188777980644,151.0,288.55315566931256,293.26331186569803,301.0,297.714687617054,401.0,401.0,99.11555555555552,146.93111111111105,151.0,200.0,250.0,257.20818986009897,394.11143193327285,303.3564053775809,442.8014515676648,403.5302846135892,501.0,56.798552253771796,199.9585258927824,151.0,300.0,251.0,301.0,302.9199999999999,401.0,493.1843958121459,50.0,149.1635561255421,106.96892384294493,111.58837330364909,152.5148407472691,301.0,350.0,437.9317294385686,442.8828090814902,451.0,448.14532195770727,56.94326530553101,61.90793066714815,99.23028829624428,243.06535691039898,199.7132828927256,301.0,291.0120530602913,401.0,399.4352862374068,96.23764552468536,150.0,106.43116024550436,200.0,242.32444444444448,198.66881292152547,25.0,351.0,450.87999999999994,45.46000000000011,50.0,56.75921560473725,101.0,101.0,149.56554960270392,300.0,248.8692006390415,459.42995578150317,353.52611694795706,492.96203859620823,57.67555555555561,100.0,40.59777777777781,41.748888888888914,41.17333333333336,100.0,100.0,57.67555555555561,51.0,50.0,61.82000000000015,100.0,144.01777777777795,100.0,108.82666666666663,100.0,146.8155555555555,144.08888888888907,55.89111111111125,101.0,201.06111111111125,150.0,151.0,150.0,150.0,150.0,157.10000000000002,150.0,92.25111111111136,150.0,208.82666666666668,201.0,155.59111111111122,250.45555555555566,244.1088888888891,200.0,200.0,201.0,244.15888888888912,200.0,300.0,257.6755555555555,300.0,251.0,250.0,250.0,240.59777777777782,205.91111111111118,251.0,250.0,346.625555555553,300.0,300.0,300.0,300.0,300.0,357.1733333333303,301.0,300.0,255.89111111110947,400.0,350.0,358.2511111111107,394.10888888888724,396.2355555555527,351.0,394.07888888888726,303.9744444444429,396.5399999999974,357.67555555555515,450.0,400.0,408.2511111111107,391.7488888888886,342.25111111110857,400.0,400.0,400.0,444.09888888888725,342.25111111110857,499.9233333333312,488.7555555555535,488.17999999999796,441.7488888888886,450.0,494.1188888888872,440.5977777777774,450.0,442.32444444444417,390.5244444444418,500.0,508.2511111111107,492.32444444444417,492.32444444444417,501.0,500.0,500.0,500.0,48.76333333333346,30399.0
451.0,56.81660189972159,67.07396741937788,248.7107165310451,310.1208540661691,300.0,351.9199999999999,452.33645131051304,401.0,492.974765450778,497.37333333333333,146.45360981860355,157.10000000000002,250.0,206.83741957895194,251.0,349.12,298.04855566633256,401.0,493.3244584487553,100.0,56.76491489212818,151.38000000000002,251.0,201.0,199.13238122487422,396.6645762016247,351.0,340.6724811378993,493.18802788883403,101.6445952689589,50.71722136246192,196.26188777980644,151.0,288.55315566931256,293.25331186569804,301.0,297.1391320614984,401.0,401.0,99.69111111111107,146.89111111111106,151.0,200.0,250.42000000000002,257.21818986009896,394.11143193327285,303.39640537758095,442.7914515676648,403.5702846135892,501.0,56.80855225377179,200.53408144833796,151.0,300.0,251.0,301.0,303.4955555555554,401.0,493.1743958121459,50.0,149.0835561255421,106.97892384294494,111.58837330364909,152.5948407472691,301.0,350.0,437.9317294385686,442.87280908149023,451.0,447.5697664021517,56.953265305531005,61.90793066714815,98.65473274068873,243.05535691039898,199.13772733717005,301.0,290.4364975047357,401.0,398.8597306818512,96.19764552468536,150.0,106.44116024550436,200.0,241.74888888888893,198.09325736596992,25.575555555555557,351.0,451.37999999999994,45.580000000000105,50.0,56.76921560473725,101.0,101.0,148.98999404714837,300.0,248.29364508348596,460.0055113370587,353.3861169479571,492.95203859620824,58.25111111111117,100.0,40.022222222222254,41.17333333333336,40.59777777777781,100.0,100.0,58.25111111111117,51.0,50.0,61.82000000000015,100.0,144.11777777777797,100.0,109.40222222222218,100.0,146.7755555555555,144.07888888888908,55.90111111111125,101.0,201.6366666666668,150.0,151.0,150.0,150.0,150.0,157.67555555555558,150.0,91.6755555555558,150.0,209.40222222222224,201.0,155.4111111111112,251.03111111111122,244.09888888888912,200.0,200.0,201.0,244.25888888888915,200.0,300.0,258.251111111111,300.0,251.0,250.0,250.0,240.02222222222227,205.92111111111117,251.0,250.0,347.02555555555296,300.0,300.0,300.0,300.0,300.0,357.7488888888858,301.0,300.0,255.90111111110946,400.0,350.0,358.8266666666662,394.09888888888725,396.1955555555527,351.0,394.0688888888873,304.0144444444429,396.4999999999974,358.2511111111107,450.0,400.0,408.8266666666662,391.173333333333,341.675555555553,400.0,400.0,400.0,444.08888888888725,341.675555555553,500.0,488.7555555555535,488.17999999999796,441.173333333333,450.0,494.10888888888724,440.02222222222184,450.0,441.7488888888886,389.94888888888624,500.0,508.8266666666662,491.7488888888886,491.7488888888886,501.0,500.0,500.0,500.0,48.683333333333465,30599.0
451.0,56.82660189972159,67.07396741937788,248.6307165310451,310.6964096217246,300.0,352.4955555555554,452.91200686606857,401.0,492.96476545077803,496.79777777777775,146.78916537415913,157.67555555555558,250.0,206.84741957895193,251.0,348.62,297.473000110777,401.0,493.3144584487553,100.0,56.77491489212818,151.92000000000004,251.0,201.0,198.55682566931867,396.6245762016247,351.0,340.0969255823437,493.17802788883404,102.22015082451445,50.14166580690637,196.22188777980645,151.0,288.55315566931256,293.24331186569805,301.0,296.5635765059428,401.0,401.0,100.0,146.85111111111107,151.0,200.0,250.88000000000002,257.22818986009895,394.11143193327285,303.43640537758097,442.7814515676648,403.6102846135892,501.0,56.81855225377179,201.1096370038935,151.0,300.0,251.0,301.0,304.07111111111095,401.0,493.1643958121459,50.0,149.00355612554208,106.98892384294494,111.58837330364909,152.67484074726912,301.0,350.0,437.9317294385686,442.86280908149024,451.0,446.9942108465961,56.963265305531,61.90793066714815,98.07917718513318,243.045356910399,198.5621717816145,301.0,289.86094194918013,401.0,398.2841751262956,96.15764552468535,150.0,106.45116024550437,200.0,241.17333333333337,197.51770181041437,26.151111111111113,351.0,451.9199999999999,45.620000000000104,50.0,56.779215604737246,101.0,101.0,148.41443849159282,300.0,247.7180895279304,460.5810668926142,353.20611694795707,492.94203859620825,58.82666666666673,101.0,39.4466666666667,40.59777777777781,40.022222222222254,100.0,100.0,58.82666666666673,51.0,50.0,61.82000000000015,100.0,144.257777777778,100.0,109.97777777777773,100.0,146.73555555555552,144.0688888888891,55.911111111111246,101.0,202.21222222222235,150.0,151.0,150.0,150.0,150.0,158.25111111111113,150.0,91.10000000000025,150.0,209.9777777777778,201.0,155.1911111111112,251.60666666666677,244.08888888888913,200.0,200.0,201.0,244.30888888888916,200.0,300.0,258.82666666666654,300.0,251.0,250.0,250.0,239.44666666666672,205.93111111111116,251.0,250.0,347.42555555555293,300.0,300.0,300.0,300.0,300.0,358.3244444444413,301.0,300.0,255.91111111110945,400.0,350.0,359.4022222222217,394.08888888888725,396.15555555555267,351.0,394.0588888888873,304.05444444444294,396.45999999999736,358.8266666666662,450.0,400.0,409.4022222222217,390.5977777777774,341.0999999999974,400.0,400.0,400.0,444.07888888888726,341.0999999999974,500.0,488.7555555555535,488.17999999999796,440.5977777777774,450.0,494.09888888888725,439.44666666666626,450.0,441.173333333333,389.37333333333066,500.0,509.4022222222217,491.173333333333,491.173333333333,501.0,500.0,500.0,500.0,48.60333333333347,30799.0
451.0,56.836601899721586,67.07396741937788,248.55071653104508,311.27196517728015,300.0,353.07111111111095,453.4875624216241,401.0,492.95476545077804,496.2222222222222,147.1647209297147,158.25111111111113,250.0,206.85741957895192,251.0,348.08,296.8974445552214,401.0,493.3044584487553,100.0,56.78491489212818,152.4955555555556,251.0,201.0,197.98127011376312,396.58457620162466,351.0,339.52137002678813,493.16802788883405,102.79570638007,49.566110251350814,196.18188777980646,151.0,288.55315566931256,293.23331186569806,301.0,295.98802095038724,401.0,401.0,100.0,146.81111111111107,151.0,200.0,251.38000000000002,257.23818986009894,394.11143193327285,303.476405377581,442.7714515676648,403.65028461358924,501.0,56.82855225377179,201.68519255944906,151.0,300.0,251.0,301.0,304.6466666666665,401.0,493.15439581214594,50.0,148.92355612554206,106.99892384294495,111.58837330364909,152.75484074726913,301.0,350.0,437.9317294385686,442.85280908149025,451.0,446.4186552910405,56.973265305531,61.90793066714815,97.50362162957762,243.035356910399,197.98661622605894,301.0,289.28538639362455,401.0,397.70861957074004,96.11764552468534,150.0,106.46116024550437,200.0,240.59777777777782,196.9421462548588,26.72666666666667,350.58,452.4955555555554,45.620000000000104,50.0,56.789215604737244,101.0,101.0,147.83888293603727,300.0,247.14253397237485,461.15662244816974,352.98611694795704,492.93203859620826,59.40222222222229,101.0,38.87111111111115,40.022222222222254,39.4466666666667,100.0,100.0,59.40222222222229,51.0,50.0,61.82000000000015,100.0,144.437777777778,100.0,110.55333333333328,100.0,146.69555555555553,144.0588888888891,55.921111111111244,101.0,202.7877777777779,150.0,151.0,150.0,150.0,150.0,158.82666666666668,150.0,90.5244444444447,150.0,210.55333333333334,201.0,154.93111111111122,252.18222222222232,244.07888888888914,200.0,200.0,201.0,244.33888888888916,200.0,300.0,259.40222222222206,300.0,251.0,250.0,250.0,238.87111111111116,205.94111111111116,251.0,250.0,347.8255555555529,300.0,300.0,300.0,300.0,300.0,358.89999999999685,301.0,300.0,255.92111111110944,400.0,350.0,359.97777777777725,394.07888888888726,396.11555555555265,351.0,394.0488888888873,304.09444444444296,396.41999999999734,359.4022222222217,450.0,400.0,409.97777777777725,390.02222222222184,340.5244444444418,400.0,400.0,400.0,444.0688888888873,340.5244444444418,500.0,488.7555555555535,488.17999999999796,440.02222222222184,450.0,494.08888888888725,438.8711111111107,450.0,440.5977777777774,388.7977777777751,500.0,509.97777777777725,490.5977777777774,490.5977777777774,501.0,500.0,500.0,500.0,48.66333333333347,30999.0
451.0,56.846601899721584,67.07396741937788,248.47071653104507,311.8475207328357,300.0,353.6466666666665,454.0631179771796,401.0,492.94476545077805,495.6466666666666,147.58027648527025,158.82666666666668,250.0,206.8674195789519,251.0,347.5044444444444,296.3218889996658,401.0,493.29445844875534,100.0,56.794914892128176,153.07111111111115,251.0,201.0,197.40571455820756,396.54457620162464,351.0,338.94581447123255,493.15802788883406,103.37126193562555,48.99055469579526,196.14188777980647,151.0,288.55315566931256,293.22331186569807,301.0,295.41246539483166,401.0,401.0,100.0,146.77111111111108,151.0,200.0,251.92000000000004,257.24818986009893,394.11143193327285,303.516405377581,442.76145156766484,403.69028461358926,501.0,56.83855225377179,202.26074811500462,151.0,300.0,251.0,301.0,305.222222222222,401.0,493.14439581214594,50.0,148.84355612554205,107.00892384294495,111.58837330364909,152.83484074726914,301.0,350.0,437.9317294385686,442.84280908149026,451.0,445.84309973548494,56.983265305531,61.90793066714815,96.92806607402207,243.025356910399,197.4110606705034,301.0,288.70983083806897,401.0,397.13306401518446,96.07764552468534,150.0,106.47116024550438,200.0,240.02222222222227,196.36659069930326,27.302222222222227,350.12,453.07111111111095,45.620000000000104,50.0,56.79921560473724,101.0,101.0,147.2633273804817,300.0,246.5669784168193,461.73217800372527,352.72611694795705,492.92203859620827,59.97777777777785,101.0,38.295555555555595,39.4466666666667,38.87111111111115,100.0,100.0,59.97777777777785,51.0,50.0,61.82000000000015,100.0,144.657777777778,100.0,111.12888888888884,100.0,146.65555555555554,144.0488888888891,55.93111111111124,101.0,203.36333333333346,150.0,151.0,150.0,150.0,150.0,159.40222222222224,150.0,89.94888888888914,150.0,211.1288888888889,201.0,154.6311111111112,252.75777777777787,244.06888888888915,200.0,200.0,201.0,244.34888888888918,200.0,300.41999999999996,259.9777777777776,300.0,251.0,250.0,250.0,238.2955555555556,205.95111111111115,251.0,250.0,348.2255555555529,300.0,300.0,300.0,300.0,300.0,359.4755555555524,301.0,300.0,255.93111111110943,400.0,350.0,360.5533333333328,394.0688888888873,396.0755555555526,351.0,394.0388888888873,304.134444444443,396.3799999999973,359.97777777777725,450.0,400.0,410.5533333333328,389.44666666666626,339.94888888888624,400.0,400.0,400.0,444.0588888888873,339.94888888888624,500.0,488.7555555555535,488.17999999999796,439.44666666666626,450.0,494.07888888888726,438.2955555555551,450.0,440.02222222222184,388.2222222222195,500.0,510.5533333333328,490.02222222222184,490.02222222222184,501.0,500.0,500.0,500.0,48.76333333333347,31199.0
451.0,56.85660189972158,67.07396741937788,248.39071653104506,312.4230762883912,300.0,354.222222222222,454.63867353273514,401.0,492.93476545077806,495.071111111111,148.03583204082582,159.40222222222224,250.0,206.8774195789519,251.0,346.9288888888888,295.74633344411023,401.0,493.28445844875534,100.0,56.804914892128174,153.6466666666667,251.0,201.0,196.830159002652,396.5045762016246,351.0,338.37025891567697,493.14802788883406,103.94681749118111,48.41499914023971,196.10188777980648,151.0,288.55315566931256,293.2133118656981,301.0,294.8369098392761,401.0,401.0,100.0,146.7311111111111,151.0,200.0,252.4955555555556,257.2581898600989,394.11143193327285,303.55640537758103,442.75145156766484,403.7302846135893,501.0,56.848552253771786,202.83630367056017,151.0,300.0,251.0,301.0,305.7977777777775,401.0,493.13439581214595,50.0,148.76355612554204,107.01892384294496,111.58837330364909,152.91484074726915,301.0,350.0,437.9317294385686,442.83280908149027,451.0,445.26754417992936,56.993265305531,61.90793066714815,96.35251051846652,243.01535691039902,196.83550511494784,301.0,288.1342752825134,401.0,396.5575084596289,96.03764552468533,150.0,106.48116024550438,200.0,239.44666666666672,195.7910351437477,27.877777777777784,351.0,453.6466666666665,45.620000000000104,50.0,56.80921560473724,101.0,101.0,146.68777182492616,300.0,245.99142286126374,462.3077335592808,352.42611694795704,492.9120385962083,60.55333333333341,101.0,37.72000000000004,38.87111111111115,38.295555555555595,100.0,100.0,60.55333333333341,51.0,50.0,61.82000000000015,100.0,144.917777777778,100.0,111.70444444444439,100.0,146.61555555555555,144.03888888888912,55.94111111111124,101.0,203.938888888889,150.0,151.0,150.0,150.0,150.0,159.9777777777778,150.0,89.37333333333359,150.0,211.70444444444445,201.0,154.2911111111112,253.33333333333343,244.05888888888916,200.0,200.0,201.0,244.3388888888892,200.0,300.87999999999994,260.5533333333331,300.0,251.0,250.0,250.0,237.72000000000006,205.96111111111114,251.0,250.0,348.62555555555286,300.0,300.0,300.0,300.0,300.0,360.0511111111079,301.0,300.0,255.94111111110942,400.0,350.0,361.1288888888883,394.0588888888873,396.0355555555526,351.0,394.0288888888873,304.174444444443,396.3399999999973,360.5533333333328,450.0,400.0,411.1288888888883,388.8711111111107,339.37333333333066,400.0,400.0,400.0,444.0488888888873,339.37333333333066,500.0,488.7555555555535,488.17999999999796,438.8711111111107,450.0,494.0688888888873,437.7199999999995,450.0,439.44666666666626,387.6466666666639,500.0,511.1288888888883,489.44666666666626,489.44666666666626,501.0,500.0,500.0,500.0,48.90333333333347,31399.0
451.0,56.86660189972158,67.07396741937788,248.31071653104505,312.9986318439467,300.0,354.7977777777775,455.21422908829067,401.0,492.92476545077807,494.4955555555554,148.5313875963814,159.9777777777778,250.0,206.8874195789519,251.0,346.35333333333324,295.17077788855465,401.0,493.27445844875535,100.0,56.81491489212817,154.22222222222226,251.0,201.0,196.25460344709646,396.4645762016246,351.0,337.7947033601214,493.1380278888341,104.52237304673666,47.839443584684155,196.06188777980648,151.0,288.55315566931256,293.2033118656981,301.0,294.2613542837205,401.0,401.0,100.0,146.6911111111111,151.0,200.0,253.07111111111115,257.2681898600989,394.11143193327285,303.59640537758105,442.74145156766485,403.7702846135893,501.0,56.858552253771784,203.41185922611572,151.0,300.0,251.0,301.0,306.37333333333305,401.0,493.12439581214596,50.0,148.68355612554203,107.02892384294496,111.58837330364909,152.99484074726917,301.0,350.0,437.9317294385686,442.8228090814903,451.0,444.6919886243738,57.003265305530995,61.90793066714815,95.77695496291096,243.00535691039903,196.25994955939228,301.0,287.5587197269578,401.0,395.9819529040733,95.99764552468532,150.0,106.49116024550439,200.0,238.87111111111116,195.21547958819215,28.45333333333334,351.0,454.222222222222,45.620000000000104,50.0,56.81921560473724,101.0,101.0,146.1122162693706,300.0,245.4158673057082,462.8832891148363,352.08611694795707,492.9020385962083,61.12888888888897,101.0,37.14444444444449,38.295555555555595,37.72000000000004,100.0,100.0,61.12888888888897,51.0,50.0,61.82000000000015,100.0,145.21777777777802,100.0,112.27999999999994,100.0,146.57555555555555,144.02888888888913,55.95111111111124,101.0,204.51444444444456,150.0,151.0,150.0,150.0,150.0,160.55333333333334,150.0,88.79777777777804,150.0,212.28,201.0,153.9111111111112,253.90888888888898,244.04888888888917,200.0,200.0,201.0,244.3288888888892,200.0,301.37999999999994,261.12888888888864,300.0,251.0,250.0,250.0,237.1444444444445,205.97111111111113,251.0,250.0,349.02555555555284,300.0,300.0,300.0,300.0,300.0,360.6266666666634,301.0,300.0,255.9511111111094,400.0,350.0,361.7044444444438,394.0488888888873,395.9955555555526,351.0,394.0188888888873,304.214444444443,396.2999999999973,361.1288888888883,450.0,400.0,411.7044444444438,388.2955555555551,338.7977777777751,400.0,400.0,400.0,444.0388888888873,338.7977777777751,500.0,488.7555555555535,488.17999999999796,438.2955555555551,450.0,494.0588888888873,437.14444444444393,450.0,438.8711111111107,387.07111111110834,500.0,511.7044444444438,488.8711111111107,488.8711111111107,501.0,500.0,500.0,500.0,49.08333333333347,31599.0
451.0,56.87660189972158,67.07396741937788,248.23071653104503,313.57418739950225,300.0,355.37333333333305,455.7897846438462,401.0,492.9147654507781,493.91999999999985,149.06694315193695,160.55333333333334,250.0,206.89741957895188,251.0,345.77777777777766,294.59522233299907,401.0,493.26445844875536,100.0,56.82491489212817,154.7977777777778,251.0,201.0,195.6790478915409,396.4245762016246,351.0,337.2191478045658,493.1280278888341,105.09792860229221,47.2638880291286,196.0218877798065,151.0,288.55315566931256,293.1933118656981,301.0,293.6857987281649,401.0,401.0,100.0,146.6511111111111,151.0,200.0,253.6466666666667,257.2781898600989,394.11143193327285,303.63640537758107,442.73145156766486,403.8102846135893,501.0,56.86855225377178,203.98741478167128,151.0,300.0,251.0,301.0,306.9488888888886,401.0,493.114395812146,50.0,148.603556125542,107.03892384294497,111.58837330364909,153.07484074726918,301.0,350.0,437.9317294385686,442.8128090814903,451.0,444.1164330688182,57.01326530553099,61.90793066714815,95.20139940735541,242.99535691039904,195.68439400383673,301.0,286.9831641714022,401.0,395.4063973485177,95.95764552468532,150.0,106.5011602455044,200.0,238.2955555555556,194.6399240326366,29.028888888888897,351.0,454.7977777777775,45.620000000000104,50.0,56.829215604737236,101.0,101.0,145.53666071381505,300.0,244.84031175015264,463.45884467039184,351.70611694795707,492.8920385962083,61.70444444444453,101.0,36.568888888888935,37.72000000000004,37.14444444444449,100.0,100.0,61.70444444444453,51.0,50.0,61.82000000000015,100.0,145.55777777777803,100.0,112.8555555555555,100.0,146.53555555555556,144.01888888888914,55.96111111111124,101.0,205.09000000000012,150.0,151.0,150.0,150.0,150.0,161.1288888888889,150.0,88.22222222222248,150.0,212.85555555555555,201.0,153.49111111111122,254.48444444444453,244.03888888888918,200.0,200.0,201.0,244.3188888888892,200.0,301.9199999999999,261.70444444444416,300.0,251.0,250.0,250.0,236.56888888888895,205.98111111111112,251.0,250.0,349.4255555555528,300.0,300.0,300.0,300.0,300.0,361.20222222221895,301.0,300.0,255.9611111111094,400.0,350.0,362.27999999999935,394.0388888888873,395.95555555555256,351.0,394.0088888888873,304.25444444444304,396.25999999999726,361.7044444444438,450.0,400.0,412.27999999999935,387.7199999999995,338.2222222222195,400.0,400.0,400.0,444.0288888888873,338.2222222222195,500.0,488.7555555555535,488.17999999999796,437.7199999999995,450.0,494.0488888888873,436.56888888888835,450.0,438.2955555555551,386.49555555555276,500.0,512.2799999999994,488.2955555555551,488.2955555555551,501.0,500.0,500.0,500.0,49.30333333333348,31799.0
451.0,56.886601899721576,67.07396741937788,248.15071653104502,314.1497429550578,300.0,355.9488888888886,456.3653401994017,401.0,492.9047654507781,493.34444444444426,149.6424987074925,161.1288888888889,250.0,206.90741957895187,251.0,345.2022222222221,294.0196667774435,401.0,493.2544584487554,100.0,56.83491489212817,155.37333333333336,251.0,201.0,195.10349233598535,396.38457620162455,351.0,336.6435922490102,493.1180278888341,105.67348415784777,46.68833247357305,195.9818877798065,151.0,288.55315566931256,293.1833118656981,301.0,293.11024317260933,401.0,401.0,100.0,146.61111111111111,151.0,200.0,254.22222222222226,257.2881898600989,394.11143193327285,303.6764053775811,442.7214515676649,403.85028461358934,501.0,56.87855225377178,204.56297033722683,151.0,300.0,251.0,301.0,307.5244444444441,401.0,493.104395812146,50.0,148.523556125542,107.04892384294497,111.58837330364909,153.1548407472692,301.0,350.0,437.9317294385686,442.8028090814903,451.0,443.5408775132626,57.02326530553099,61.90793066714815,94.62584385179986,242.98535691039905,195.10883844828118,301.0,286.40760861584664,401.0,394.83084179296213,95.91764552468531,150.0,106.5111602455044,200.0,237.72000000000006,194.06436847708105,29.604444444444454,351.0,455.37333333333305,45.82000000000011,50.0,56.839215604737234,101.0,101.0,144.9611051582595,300.0,244.26475619459708,464.03440022594737,351.28611694795705,492.8820385962083,62.28000000000009,101.0,35.99333333333338,37.14444444444449,36.568888888888935,100.0,100.0,62.28000000000009,51.0,50.0,61.82000000000015,100.0,145.93777777777805,100.0,113.43111111111105,100.0,146.49555555555557,144.00888888888915,55.971111111111234,101.0,205.66555555555567,150.0,151.0,150.0,150.0,150.0,161.70444444444445,150.0,87.64666666666693,150.0,213.4311111111111,201.0,153.03111111111122,255.0600000000001,244.02888888888918,200.0,200.0,201.0,244.30888888888921,200.0,302.4955555555554,262.2799999999997,300.0,251.0,250.0,250.0,235.9933333333334,205.9911111111111,251.0,250.0,349.8255555555528,300.0,300.0,300.0,300.0,300.0,361.7777777777745,301.0,300.0,255.9711111111094,400.0,350.0,362.8555555555549,394.0288888888873,395.91555555555254,351.0,393.99888888888734,304.29444444444306,396.21999999999724,362.27999999999935,450.0,400.0,412.8555555555549,387.14444444444393,337.6466666666639,400.0,400.0,400.0,444.0188888888873,337.6466666666639,500.0,488.7555555555535,488.17999999999796,437.14444444444393,450.0,494.0388888888873,435.99333333333277,450.0,437.7199999999995,385.9199999999972,500.0,512.8555555555549,487.7199999999995,487.7199999999995,501.0,500.0,500.0,500.0,49.56333333333348,31999.0
451.0,56.896601899721574,67.07396741937788,248.070716531045,314.7252985106133,300.0,356.5244444444441,456.94089575495724,401.0,492.8947654507781,492.7688888888887,150.0,161.70444444444445,250.0,206.91741957895186,251.0,344.6266666666665,293.4441112218879,401.0,493.2444584487554,100.0,56.844914892128166,155.94888888888892,251.0,201.0,194.5279367804298,396.34457620162453,351.0,336.06803669345464,493.1080278888341,106.24903971340332,46.112776918017495,195.9418877798065,151.0,288.55315566931256,293.1733118656981,301.0,292.53468761705375,401.0,401.0,100.0,146.57111111111112,151.0,200.0,254.7977777777778,257.2981898600989,394.11143193327285,303.7164053775811,442.7114515676649,403.89028461358936,501.0,56.88855225377178,205.13852589278238,151.0,300.0,251.0,301.0,308.0999999999996,401.0,493.094395812146,50.0,148.443556125542,107.05892384294498,111.58837330364909,153.19484074726918,301.0,350.0,437.9317294385686,442.7928090814903,451.0,442.96532195770703,57.03326530553099,61.90793066714815,94.0502882962443,242.97535691039906,194.53328289272562,301.0,285.83205306029106,401.0,394.25528623740655,95.8776455246853,150.0,106.5211602455044,200.0,237.1444444444445,193.4888129215255,30.18000000000001,351.0,455.9488888888886,46.02000000000011,50.0,56.84921560473723,101.0,101.0,144.38554960270395,300.0,243.68920063904153,464.6099557815029,350.8261169479571,492.8720385962083,62.855555555555654,101.0,35.41777777777783,36.568888888888935,35.99333333333338,100.0,100.0,62.855555555555654,51.0,50.0,61.82000000000015,100.0,146.35777777777807,100.0,114.0066666666666,100.0,146.45555555555558,143.99888888888916,55.98111111111123,101.0,206.24111111111122,150.0,151.0,150.0,150.0,150.0,162.28,150.0,87.07111111111138,150.0,214.00666666666666,201.0,152.53111111111122,255.63555555555564,244.0188888888892,200.0,200.0,201.0,244.29888888888922,200.0,303.07111111111095,262.8555555555552,300.0,251.0,250.0,250.0,235.41777777777784,206.0011111111111,251.0,250.0,350.0,300.0,300.0,300.0,300.0,300.0,362.35333333333,301.0,300.0,255.98111111110939,400.0,350.0,363.4311111111104,394.0188888888873,395.8755555555525,351.0,393.98888888888735,304.3344444444431,396.1799999999972,362.8555555555549,450.0,400.0,413.4311111111104,386.56888888888835,337.07111111110834,400.0,400.0,400.0,444.0088888888873,337.07111111110834,500.0,488.7555555555535,488.17999999999796,436.56888888888835,450.0,494.0288888888873,435.4177777777772,450.0,437.14444444444393,385.3444444444416,500.0,513.4311111111105,487.14444444444393,487.14444444444393,501.0,500.0,500.0,500.0,49.863333333333486,32199.0
451.0,56.90660189972157,67.07396741937788,247.990716531045,315.3008540661688,300.0,357.0999999999996,457.51645131051276,401.0,492.8847654507781,492.1933333333331,150.0,162.28,250.0,206.92741957895186,251.0,344.0511111111109,292.8685556663323,401.0,493.2344584487554,100.0,56.854914892128164,156.52444444444447,251.0,201.0,193.95238122487424,396.3045762016245,351.0,335.49248113789906,493.0980278888341,106.82459526895887,45.53722136246194,195.90188777980651,151.0,288.55315566931256,293.1633118656981,301.0,291.95913206149817,401.0,401.0,100.0,146.53111111111113,151.0,200.0,255.37333333333336,257.3081898600989,394.11143193327285,303.75640537758113,442.7014515676649,403.9302846135894,501.0,56.898552253771776,205.71408144833794,151.0,300.0,251.0,301.0,308.67555555555515,401.0,493.084395812146,50.0,148.36355612554198,107.06892384294498,111.58837330364909,153.23484074726917,301.0,350.0,437.9317294385686,442.7828090814903,451.0,442.38976640215145,57.04326530553099,61.90793066714815,93.47473274068875,242.96535691039907,193.95772733717007,301.0,285.2564975047355,401.0,393.67973068185097,95.8376455246853,150.0,106.53116024550441,200.0,236.56888888888895,192.91325736596994,30.755555555555567,351.0,456.5244444444441,46.22000000000011,50.0,56.85921560473723,101.0,101.0,143.8099940471484,300.0,243.11364508348598,465.1855113370584,350.3261169479571,492.8620385962083,63.431111111111214,101.0,34.842222222222276,35.99333333333338,35.41777777777783,100.0,100.0,63.431111111111214,51.0,50.0,61.82000000000015,100.0,146.81777777777808,100.0,114.58222222222216,100.0,146.41555555555558,143.98888888888916,55.99111111111123,101.0,206.81666666666678,150.0,151.0,150.0,150.0,150.0,162.85555555555555,150.0,86.49555555555582,150.0,214.5822222222222,201.0,151.99111111111122,256.21111111111117,244.0088888888892,200.0,200.0,201.0,244.28888888888923,200.0,303.6466666666665,263.43111111111074,300.0,251.0,250.0,250.0,234.8422222222223,206.0111111111111,251.0,250.0,350.0,300.0,300.0,300.0,300.0,300.0,362.9288888888855,301.0,300.0,255.99111111110938,400.0,350.0,364.0066666666659,394.0088888888873,395.8355555555525,351.0,393.97888888888735,304.3744444444431,396.1399999999972,363.4311111111104,450.0,400.0,414.0066666666659,385.99333333333277,336.49555555555276,400.0,400.0,400.0,443.99888888888734,336.49555555555276,500.0,488.7555555555535,488.17999999999796,435.99333333333277,450.0,494.0188888888873,434.8422222222216,450.0,436.56888888888835,384.768888888886,500.0,514.006666666666,486.56888888888835,486.56888888888835,501.0,500.0,500.0,500.0,50.0,32399.0
451.0,56.91660189972157,67.07396741937788,247.91071653104498,315.87640962172435,300.0,357.67555555555515,458.0920068660683,401.0,492.8747654507781,491.6177777777775,150.0,162.85555555555555,250.0,206.93741957895185,251.0,343.47555555555533,292.29300011077675,401.0,493.2244584487554,100.0,56.86491489212816,157.10000000000002,251.0,201.0,193.3768256693187,396.2645762016245,351.0,334.9169255823435,493.0880278888341,107.40015082451443,44.96166580690639,195.86188777980652,151.0,288.55315566931256,293.15331186569813,301.0,291.3835765059426,401.0,401.0,100.0,146.49111111111114,151.0,200.0,255.94888888888892,257.31818986009887,394.11143193327285,303.79640537758115,442.6914515676649,403.9702846135894,501.0,56.908552253771774,206.2896370038935,151.0,300.0,251.0,301.0,309.2511111111107,401.0,493.074395812146,50.0,148.28355612554196,107.07892384294499,111.58837330364909,153.27484074726917,301.0,350.0,437.9317294385686,442.7728090814903,451.0,441.81421084659587,57.053265305530985,61.90793066714815,92.8991771851332,242.95535691039908,193.38217178161452,301.0,284.6809419491799,401.0,393.1041751262954,95.7976455246853,150.0,106.54116024550441,200.0,235.9933333333334,192.3377018104144,31.331111111111124,351.0,457.0999999999996,46.420000000000115,50.0,56.86921560473723,101.0,101.0,143.23443849159284,300.0,242.53808952793042,465.76106689261394,349.78611694795705,492.85203859620833,64.00666666666677,101.0,34.26666666666672,35.41777777777783,34.842222222222276,100.0,100.0,64.00666666666677,51.0,50.0,61.82000000000015,100.0,147.1377777777781,100.0,115.15777777777771,100.0,146.3755555555556,143.97888888888917,56.00111111111123,101.0,207.39222222222233,150.0,151.0,150.0,150.0,150.0,163.4311111111111,150.0,85.92000000000027,150.0,215.15777777777777,201.0,151.71111111111122,256.7866666666667,243.9988888888892,200.0,200.0,201.0,244.27888888888924,200.0,304.222222222222,264.00666666666626,300.0,251.0,250.0,250.0,234.26666666666674,206.02111111111108,251.0,250.0,350.0,300.0,300.0,300.0,300.0,300.0,363.50444444444105,301.0,300.0,256.00111111110937,400.0,350.0,364.58222222222145,393.99888888888734,395.7955555555525,351.0,393.96888888888736,304.4144444444431,396.0999999999972,364.0066666666659,450.0,400.0,414.58222222222145,385.4177777777772,335.9199999999972,400.0,400.0,400.0,443.98888888888735,335.9199999999972,500.0,488.7555555555535,488.17999999999796,435.4177777777772,450.0,494.0088888888873,434.266666666666,450.0,435.99333333333277,384.19333333333043,500.0,514.5822222222215,485.99333333333277,485.99333333333277,501.0,500.0,500.0,500.0,50.0,32599.0
451.0,56.92660189972157,67.07396741937788,247.83071653104497,316.4519651772799,300.0,358.2511111111107,458.6675624216238,401.0,492.8647654507781,491.04222222222194,150.0,163.4311111111111,250.0,206.94741957895184,251.0,342.89999999999975,291.71744455522116,401.0,493.2144584487554,100.0,56.87491489212816,157.67555555555558,251.0,201.0,192.80127011376314,396.2245762016245,351.0,334.3413700267879,493.07802788883413,107.97570638006998,44.386110251350836,195.82188777980653,151.0,288.55315566931256,293.14331186569814,301.0,290.808020950387,401.0,401.0,100.0,146.45111111111115,151.0,200.0,256.52444444444444,257.32818986009886,394.11143193327285,303.8364053775812,442.6814515676649,404.0102846135894,501.0,56.91855225377177,206.86519255944904,151.0,300.0,251.0,301.0,309.8266666666662,401.0,493.064395812146,50.0,148.20355612554195,107.088923842945,111.58837330364909,153.31484074726916,301.0,350.0,437.9317294385686,442.76280908149033,451.0,441.2386552910403,57.06326530553098,61.90793066714815,92.32362162957764,242.94535691039908,192.80661622605896,301.0,284.1053863936243,401.0,392.5286195707398,95.75764552468529,150.0,106.55116024550442,200.0,235.41777777777784,191.76214625485883,31.90666666666668,351.0,457.67555555555515,46.68000000000012,50.0,56.879215604737226,101.0,101.0,142.6588829360373,300.0,241.96253397237487,466.33662244816946,349.2105613924015,492.84203859620834,64.58222222222233,101.0,33.69111111111117,34.842222222222276,34.26666666666672,100.0,100.0,64.58222222222233,51.0,50.0,61.82000000000015,100.0,147.3777777777781,100.0,115.73333333333326,100.0,146.3355555555556,143.96888888888918,56.01111111111123,101.0,207.96777777777788,150.0,151.0,150.0,150.0,150.0,164.00666666666666,150.0,85.34444444444472,150.0,215.73333333333332,201.0,151.59111111111122,257.3622222222222,243.98888888888922,200.0,200.0,201.0,244.26888888888925,200.0,304.7977777777775,264.5822222222218,300.0,251.0,250.0,250.0,233.69111111111118,206.03111111111107,251.0,250.0,350.0,300.0,300.0,300.0,300.0,300.0,364.0799999999966,301.0,300.0,256.01111111110936,400.0,350.0,365.15777777777697,393.98888888888735,395.75555555555246,351.0,393.9588888888874,304.45444444444314,396.05999999999716,364.58222222222145,450.0,400.0,415.15777777777697,384.8422222222216,335.3444444444416,400.0,400.0,400.0,443.97888888888735,335.3444444444416,500.0,488.7555555555535,488.17999999999796,434.8422222222216,450.0,493.99888888888734,433.69111111111044,450.0,435.4177777777772,383.61777777777485,500.0,515.157777777777,485.4177777777772,485.4177777777772,501.0,500.0,500.0,500.0,50.0,32799.0
451.0,56.936601899721566,67.07396741937788,247.75071653104496,317.0275207328354,300.0,358.8266666666662,459.24311797717934,401.0,492.85476545077813,490.46666666666636,150.0,164.00666666666666,250.0,206.95741957895183,251.0,342.32444444444417,291.1418889996656,401.0,493.2044584487554,100.0,56.88491489212816,158.25111111111113,251.0,201.0,192.22571455820759,396.18457620162445,351.0,333.7658144712323,493.06802788883414,108.55126193562553,43.81055469579528,195.78188777980654,151.0,288.55315566931256,293.13331186569815,301.0,290.2324653948314,401.0,401.0,100.0,146.41111111111115,151.0,200.0,257.09999999999997,257.33818986009885,394.11143193327285,303.8764053775812,442.6714515676649,404.05028461358944,501.0,56.92855225377177,207.4407481150046,151.0,300.0,251.0,301.0,310.4022222222217,401.0,493.054395812146,50.0,148.12355612554194,107.098923842945,111.58837330364909,153.35484074726915,301.0,350.0,437.9317294385686,442.75280908149034,451.0,440.6630997354847,57.07326530553098,61.90793066714815,91.74806607402209,242.9353569103991,192.2310606705034,301.0,283.52983083806873,401.0,391.9530640151842,95.71764552468528,150.0,106.56116024550442,200.0,234.8422222222223,191.18659069930328,32.48222222222224,351.0,458.2511111111107,46.980000000000125,50.0,56.889215604737224,101.0,101.0,142.08332738048173,300.0,241.38697841681932,466.912178003725,348.6350058368459,492.83203859620835,65.15777777777788,101.0,33.115555555555616,34.26666666666672,33.69111111111117,100.0,100.0,65.15777777777788,51.0,50.0,61.82000000000015,100.0,147.4177777777781,100.0,116.30888888888882,100.0,146.2955555555556,143.9588888888892,56.021111111111225,101.0,208.54333333333344,150.0,151.0,150.0,150.0,150.0,164.5822222222222,150.0,84.76888888888917,150.0,216.30888888888887,201.0,151.6311111111112,257.93777777777774,243.97888888888923,200.0,200.0,201.0,244.25888888888926,200.0,305.37333333333305,265.1577777777773,300.0,251.0,250.0,250.0,233.11555555555563,206.04111111111106,251.0,250.0,350.0,300.0,300.0,300.0,300.0,300.0,364.6555555555521,301.0,300.0,256.02111111110935,400.0,350.0,365.7333333333325,393.97888888888735,395.71555555555244,351.0,393.9488888888874,304.49444444444316,396.01999999999714,365.15777777777697,450.0,400.0,415.7333333333325,384.266666666666,334.768888888886,400.0,400.0,400.0,443.96888888888736,334.768888888886,500.0,488.7555555555535,488.17999999999796,434.266666666666,450.0,493.98888888888735,433.11555555555486,450.0,434.8422222222216,383.04222222221927,500.0,515.7333333333326,484.8422222222216,484.8422222222216,501.0,500.0,500.0,500.0,50.0,32999.0
451.0,56.946601899721564,67.07396741937788,247.67071653104495,317.6030762883909,300.0,359.4022222222217,459.81867353273486,401.0,492.84476545077814,489.8911111111108,150.0,164.5822222222222,250.0,206.96741957895182,251.0,341.7488888888886,290.56633344411,401.0,493.1944584487554,100.0,56.894914892128156,158.82666666666668,251.0,201.0,191.65015900265203,396.14457620162443,351.0,333.19025891567674,493.05802788883415,109.12681749118109,43.23499914023973,195.74188777980655,151.0,288.55315566931256,293.12331186569816,301.0,289.65690983927584,401.0,401.0,100.0,146.37111111111116,151.0,200.0,257.6755555555555,257.34818986009884,394.11143193327285,303.9164053775812,442.6614515676649,404.09028461358946,501.0,56.93855225377177,208.01630367056015,151.0,300.0,251.0,301.0,310.97777777777725,401.0,493.04439581214604,50.0,148.04355612554193,107.108923842945,111.58837330364909,153.39484074726914,301.0,350.0,437.9317294385686,442.74280908149035,451.0,440.0875441799291,57.08326530553098,61.90793066714815,91.17251051846654,242.9253569103991,191.65550511494786,301.0,282.95427528251315,401.0,391.37750845962864,95.67764552468527,150.0,106.57116024550443,200.0,234.26666666666674,190.61103514374773,33.0577777777778,351.0,458.8266666666662,47.32000000000013,50.0,56.89921560473722,101.0,101.0,141.50777182492618,300.0,240.81142286126376,467.4877335592805,348.0594502812903,492.82203859620836,65.73333333333343,101.0,32.54000000000006,33.69111111111117,33.115555555555616,100.0,100.0,65.73333333333343,51.0,50.0,61.82000000000015,100.0,147.5977777777781,100.0,116.88444444444437,100.0,146.25555555555562,143.9488888888892,56.03111111111122,101.0,209.118888888889,150.0,151.0,150.0,150.0,150.0,165.15777777777777,150.0,84.19333333333361,150.0,216.88444444444443,201.0,151.53111111111122,258.51333333333326,243.96888888888924,200.0,200.0,201.0,244.24888888888927,200.0,305.9488888888886,265.73333333333284,300.0,251.0,250.0,250.0,232.54000000000008,206.05111111111106,251.0,250.0,350.0,300.0,300.0,300.0,300.0,300.0,365.2311111111076,301.0,300.0,256.03111111110934,400.0,350.0,366.308888888888,393.96888888888736,395.6755555555524,351.0,393.9388888888874,304.5344444444432,395.9799999999971,365.7333333333325,450.0,400.0,416.308888888888,383.69111111111044,334.19333333333043,400.0,400.0,400.0,443.9588888888874,334.19333333333043,500.0,488.7555555555535,488.17999999999796,433.69111111111044,450.0,493.97888888888735,432.5399999999993,450.0,434.266666666666,382.4666666666637,500.0,516.3088888888881,484.266666666666,484.266666666666,501.0,500.0,500.0,500.0,50.0,33199.0
451.0,56.95660189972156,67.07396741937788,247.59071653104493,318.17863184394645,300.0,359.97777777777725,460.3942290882904,401.0,492.83476545077815,489.3155555555552,150.0,165.15777777777777,250.0,206.9774195789518,251.0,341.173333333333,289.9907778885544,401.0,493.18445844875544,100.0,56.904914892128154,159.40222222222224,251.0,201.0,191.07460344709648,396.1045762016244,351.0,332.61470336012115,493.04802788883416,109.70237304673664,42.659443584684176,195.70188777980655,151.0,288.55315566931256,293.11331186569817,301.0,289.08135428372026,401.0,401.0,100.0,146.33111111111117,151.0,200.0,258.251111111111,257.35818986009883,394.11143193327285,303.95640537758123,442.65145156766494,404.1302846135895,501.0,56.948552253771766,208.5918592261157,151.0,300.0,251.0,301.0,311.5533333333328,401.0,493.03439581214604,50.0,147.9635561255419,107.11892384294501,111.58837330364909,153.43484074726913,301.0,350.0,437.9317294385686,442.73280908149036,451.0,439.51198862437354,57.09326530553098,61.90793066714815,90.59695496291098,242.9153569103991,191.0799495593923,301.0,282.37871972695757,401.0,390.80195290407306,95.63764552468527,150.0,106.58116024550444,200.0,233.69111111111118,190.03547958819217,33.63333333333336,351.0,459.4022222222217,47.70000000000013,50.0,56.90921560473722,101.0,101.0,140.93221626937063,300.0,240.2358673057082,468.06328911483604,347.48389472573473,492.81203859620837,66.30888888888899,101.0,31.964444444444506,33.115555555555616,32.54000000000006,100.0,100.0,66.30888888888899,51.0,50.0,61.82000000000015,100.0,147.8177777777781,100.0,117.45999999999992,100.0,146.21555555555562,143.9388888888892,56.04111111111122,101.0,209.69444444444454,150.0,151.0,150.0,150.0,150.0,165.73333333333332,150.0,83.61777777777806,150.0,217.45999999999998,201.0,151.39111111111123,259.0888888888888,243.95888888888925,200.0,200.0,201.0,244.23888888888928,200.0,306.5244444444441,266.30888888888836,300.0,251.0,250.0,250.0,231.96444444444452,206.06111111111105,251.0,250.0,350.0,300.0,300.0,300.0,300.0,300.0,365.80666666666315,301.0,300.0,256.04111111110933,400.0,350.0,366.88444444444355,393.9588888888874,395.6355555555524,351.0,393.9288888888874,304.5744444444432,395.9399999999971,366.308888888888,450.0,400.0,416.88444444444355,383.11555555555486,333.61777777777485,400.0,400.0,400.0,443.9488888888874,333.61777777777485,500.0,488.7555555555535,488.17999999999796,433.11555555555486,450.0,493.96888888888736,431.9644444444437,450.0,433.69111111111044,381.8911111111081,500.0,516.8844444444436,483.69111111111044,483.69111111111044,501.0,500.0,500.0,500.0,50.0,33399.0
451.0,56.96660189972156,67.07396741937788,247.51071653104492,318.754187399502,300.0,360.5533333333328,460.9697846438459,401.0,492.82476545077816,488.7399999999996,150.0,165.73333333333332,250.0,206.9874195789518,251.0,340.5977777777774,289.41522233299884,401.0,493.17445844875544,100.0,56.91491489212815,159.9777777777778,251.0,201.0,190.49904789154093,396.0645762016244,351.0,332.0391478045656,493.03802788883416,110.27792860229219,42.08388802912862,195.66188777980656,151.0,288.55315566931256,293.1033118656982,301.0,288.5057987281647,401.0,401.0,100.0,146.29111111111118,151.0,200.0,258.82666666666654,257.3681898600988,394.11143193327285,303.99640537758125,442.64145156766494,404.1702846135895,501.0,56.958552253771764,209.16741478167125,151.0,300.0,251.0,301.0,312.1288888888883,401.0,493.02439581214605,50.0,147.8835561255419,107.12892384294501,111.58837330364909,153.47484074726913,301.0,350.0,437.9317294385686,442.72280908149037,451.0,438.93643306881796,57.103265305530975,61.90793066714815,90.02139940735543,242.90535691039912,190.50439400383675,301.0,281.803164171402,401.0,390.2263973485175,95.59764552468526,150.0,106.59116024550444,200.0,233.11555555555563,189.45992403263662,34.20888888888892,351.0,459.97777777777725,48.12000000000013,50.0,56.91921560473722,101.0,101.0,140.35666071381507,300.0,239.66031175015266,468.63884467039156,346.90833917017915,492.8020385962084,66.88444444444454,101.0,31.38888888888895,32.54000000000006,31.964444444444506,100.0,100.0,66.88444444444454,51.0,50.0,61.82000000000015,100.0,148.07777777777812,100.0,118.03555555555548,100.0,146.17555555555563,143.92888888888922,56.05111111111122,101.0,210.2700000000001,150.0,151.0,150.0,150.0,150.0,166.30888888888887,150.0,83.0422222222225,150.0,218.03555555555553,201.0,151.21111111111122,259.6644444444443,243.94888888888926,200.0,200.0,201.0,244.2288888888893,200.0,307.0999999999996,266.8844444444439,300.0,251.0,250.0,250.0,231.38888888888897,206.07111111111104,251.0,250.0,350.0,300.0,300.0,300.0,300.0,300.0,366.3822222222187,301.0,300.0,256.0511111111093,400.0,350.0,367.45999999999907,393.9488888888874,395.5955555555524,351.0,393.9188888888874,304.6144444444432,395.8999999999971,366.88444444444355,450.0,400.0,417.45999999999907,382.5399999999993,333.04222222221927,400.0,400.0,400.0,443.9388888888874,333.04222222221927,500.0,488.7555555555535,488.17999999999796,432.5399999999993,450.0,493.9588888888874,431.3888888888881,450.0,433.11555555555486,381.3155555555525,500.0,517.4599999999991,483.11555555555486,483.11555555555486,501.0,500.0,500.0,500.0,50.0,33599.0
451.0,56.97660189972156,67.07396741937788,247.4307165310449,319.3297429550575,300.0,361.1288888888883,461.54534019940144,401.0,492.81476545077817,488.16444444444403,150.0,166.30888888888887,250.0,206.9974195789518,251.0,340.02222222222184,288.83966677744326,401.0,493.16445844875545,100.0,56.92491489212815,160.55333333333334,251.0,201.0,189.92349233598537,396.02457620162437,351.0,331.46359224901,493.0280278888342,110.85348415784775,41.50833247357307,195.62188777980657,151.0,288.55315566931256,293.0933118656982,301.0,287.9302431726091,401.0,401.0,100.0,146.2511111111112,151.0,200.0,259.40222222222206,257.3781898600988,394.11143193327285,304.0364053775813,442.63145156766495,404.2102846135895,501.0,56.96855225377176,209.7429703372268,151.0,300.0,251.0,301.0,312.7044444444438,401.0,493.01439581214606,50.0,147.8035561255419,107.13892384294502,111.58837330364909,153.51484074726912,301.0,350.0,437.9317294385686,442.7128090814904,451.0,438.3608775132624,57.11326530553097,61.90793066714815,89.44584385179988,242.89535691039913,189.9288384482812,301.0,281.2276086158464,401.0,389.6508417929619,95.55764552468526,150.0,106.60116024550445,200.0,232.54000000000008,188.88436847708107,34.78444444444448,351.0,460.5533333333328,48.58000000000013,50.0,56.929215604737216,101.0,101.0,139.78110515825952,300.0,239.0847561945971,469.2144002259471,346.33278361462357,492.7920385962084,67.4600000000001,101.0,30.813333333333393,31.964444444444506,31.38888888888895,100.0,100.0,67.4600000000001,51.0,50.0,61.82000000000015,100.0,148.37777777777814,100.0,118.61111111111103,100.0,146.13555555555564,143.91888888888923,56.06111111111122,101.0,210.84555555555565,150.0,151.0,150.0,150.0,150.0,166.88444444444443,150.0,82.46666666666695,150.0,218.6111111111111,201.0,150.99111111111122,260.23999999999984,243.93888888888927,200.0,200.0,201.0,244.2188888888893,200.0,307.67555555555515,267.4599999999994,300.0,251.0,250.0,250.0,230.81333333333342,206.08111111111103,251.0,250.0,350.0,300.0,300.0,300.0,300.0,300.0,366.9577777777742,301.0,300.0,256.0611111111093,400.0,350.0,368.0355555555546,393.9388888888874,395.55555555555236,351.0,393.9088888888874,304.65444444444324,395.85999999999706,367.45999999999907,450.0,400.0,418.0355555555546,381.9644444444437,332.4666666666637,400.0,400.0,400.0,443.9288888888874,332.4666666666637,500.0,488.7555555555535,488.17999999999796,431.9644444444437,450.0,493.9488888888874,430.81333333333254,450.0,432.5399999999993,380.73999999999694,500.0,518.0355555555547,482.5399999999993,482.5399999999993,501.0,500.0,500.0,500.0,50.0,33799.0
451.0,56.986601899721556,67.07396741937788,247.3507165310449,319.905298510613,300.0,361.7044444444438,462.12089575495696,401.0,492.8047654507782,487.58888888888845,150.0,166.88444444444443,250.0,207.00741957895178,251.0,339.44666666666626,288.2641112218877,401.0,493.15445844875546,100.0,56.93491489212815,161.1288888888889,251.0,201.0,189.34793678042982,395.98457620162435,351.0,330.8880366934544,493.0180278888342,111.4290397134033,40.93277691801752,195.58188777980658,151.0,288.55315566931256,293.0833118656982,301.0,287.3546876170535,401.0,401.0,100.0,146.2111111111112,151.0,200.0,259.9777777777776,257.3881898600988,394.11143193327285,304.0764053775813,442.62145156766496,404.25028461358954,501.0,56.97855225377176,210.31852589278236,151.0,300.0,251.0,301.0,313.27999999999935,401.0,493.0043958121461,50.0,147.72355612554188,107.14892384294502,111.58837330364909,153.5548407472691,301.0,350.0,437.9317294385686,442.7028090814904,451.0,437.7853219577068,57.12326530553097,61.90793066714815,88.87028829624433,242.88535691039914,189.35328289272564,301.0,280.6520530602908,401.0,389.0752862374063,95.51764552468525,150.0,106.61116024550445,200.0,231.96444444444452,188.30881292152552,35.36000000000004,351.0,461.1288888888883,49.08000000000013,50.0,56.939215604737214,101.0,101.0,139.20554960270397,300.0,238.50920063904155,469.7899557815026,345.757228059068,492.7820385962084,68.03555555555565,101.0,30.237777777777836,31.38888888888895,30.813333333333393,100.0,100.0,68.03555555555565,51.0,50.0,61.82000000000015,100.0,148.71777777777814,100.0,119.18666666666658,100.0,146.09555555555565,143.90888888888924,56.071111111111215,101.0,211.4211111111112,150.0,151.0,150.0,150.0,150.0,167.45999999999998,150.0,81.8911111111114,150.0,219.18666666666664,201.0,150.73111111111123,260.81555555555536,243.92888888888928,200.0,200.0,201.0,244.2088888888893,200.0,308.2511111111107,268.03555555555494,300.0,251.0,250.0,250.0,230.23777777777786,206.09111111111102,251.0,250.0,350.0,300.0,300.0,300.0,300.0,300.0,367.5333333333297,301.0,300.0,256.0711111111093,400.0,350.0,368.6111111111101,393.9288888888874,395.51555555555234,351.0,393.8988888888874,304.69444444444326,395.81999999999704,368.0355555555546,450.0,400.0,418.6111111111101,381.3888888888881,331.8911111111081,400.0,400.0,400.0,443.9188888888874,331.8911111111081,500.0,488.7555555555535,488.17999999999796,431.3888888888881,450.0,493.9388888888874,430.23777777777696,450.0,431.9644444444437,380.16444444444136,500.0,518.6111111111102,481.9644444444437,481.9644444444437,501.0,500.0,500.0,500.0,50.0,33999.0
451.0,56.996601899721554,67.07396741937788,247.27071653104488,320.48085406616855,300.0,362.27999999999935,462.6964513105125,401.0,492.7947654507782,487.01333333333287,150.0,167.45999999999998,250.0,207.01741957895177,251.0,338.8711111111107,287.6885556663321,401.0,493.1444584487555,100.0,56.944914892128146,161.70444444444445,251.0,201.0,188.77238122487427,395.94457620162433,351.0,330.3124811378988,493.0080278888342,112.00459526895885,40.357221362461964,195.5418877798066,151.0,288.55315566931256,293.0733118656982,301.0,286.77913206149793,401.0,401.0,100.0,146.1711111111112,151.0,200.0,260.5533333333331,257.3981898600988,394.11143193327285,304.1164053775813,442.611451567665,404.29028461358956,501.0,56.98855225377176,210.89408144833791,151.0,300.0,251.0,301.0,313.8555555555549,401.0,492.9943958121461,50.0,147.64355612554186,107.15892384294503,111.58837330364909,153.5948407472691,301.0,350.0,437.9317294385686,442.6928090814904,451.0,437.2097664021512,57.13326530553097,61.90793066714815,88.29473274068877,242.87535691039915,188.7777273371701,301.0,280.07649750473524,401.0,388.49973068185074,95.47764552468524,150.0,106.62116024550446,200.0,231.38888888888897,187.73325736596996,35.9355555555556,351.0,461.7044444444438,49.62000000000014,50.0,56.94921560473721,101.0,101.0,138.62999404714841,300.0,237.933645083486,470.36551133705814,345.1816725035124,492.7720385962084,68.6111111111112,101.0,29.66222222222228,30.813333333333393,30.237777777777836,100.0,100.0,68.6111111111112,51.0,50.0,61.82000000000015,100.0,149.09777777777816,100.0,119.76222222222214,100.0,146.05555555555566,143.89888888888925,56.08111111111121,101.0,211.99666666666675,150.0,151.0,150.0,150.0,150.0,168.03555555555553,150.0,81.31555555555585,150.0,219.7622222222222,201.0,150.43111111111122,261.3911111111109,243.91888888888928,200.0,200.0,201.0,244.19888888888931,200.0,308.8266666666662,268.61111111111046,300.0,251.0,250.0,250.0,229.6622222222223,206.101111111111,251.0,250.0,350.0,300.0,300.0,300.0,300.0,300.0,368.10888888888525,301.0,300.0,256.0811111111093,400.0,350.0,369.18666666666564,393.9188888888874,395.4755555555523,351.0,393.88888888888744,304.7344444444433,395.779999999997,368.6111111111101,450.0,400.0,419.18666666666564,380.81333333333254,331.3155555555525,400.0,400.0,400.0,443.9088888888874,331.3155555555525,500.0,488.7555555555535,488.17999999999796,430.81333333333254,450.0,493.9288888888874,429.6622222222214,450.0,431.3888888888881,379.5888888888858,500.0,519.1866666666657,481.3888888888881,481.3888888888881,501.0,500.0,500.0,500.0,50.0,34199.0
451.0,57.00660189972155,67.07396741937788,247.19071653104487,321.0564096217241,300.0,362.8555555555549,463.272006866068,401.0,492.7847654507782,486.4377777777773,150.0,168.03555555555553,250.0,207.02741957895176,251.0,338.2955555555551,287.1130001107765,401.0,493.1344584487555,100.0,56.954914892128144,162.28,251.0,201.0,188.1968256693187,395.9045762016243,351.0,329.73692558234325,492.9980278888342,112.5801508245144,39.78166580690641,195.5018877798066,151.0,288.55315566931256,293.0633118656982,301.0,286.20357650594235,401.0,401.0,100.0,146.1311111111112,151.0,200.0,261.12888888888864,257.4081898600988,394.11143193327285,304.15640537758134,442.601451567665,404.3302846135896,501.0,56.998552253771756,211.46963700389347,151.0,300.0,251.0,301.0,314.4311111111104,401.0,492.9843958121461,50.0,147.56355612554185,107.16892384294503,111.58837330364909,153.6348407472691,301.0,350.0,437.9317294385686,442.6828090814904,451.0,436.63421084659564,57.14326530553097,61.90793066714815,87.71917718513322,242.86535691039916,188.20217178161454,301.0,279.50094194917966,401.0,387.92417512629515,95.43764552468524,150.0,106.63116024550446,200.0,230.81333333333342,187.1577018104144,36.51111111111116,351.0,462.27999999999935,50.0,50.0,56.95921560473721,101.0,101.0,138.05443849159286,300.0,237.35808952793045,470.94106689261366,344.6061169479568,492.7620385962084,69.18666666666675,101.0,29.086666666666723,30.237777777777836,29.66222222222228,100.0,100.0,69.18666666666675,51.0,50.0,61.82000000000015,100.0,149.51777777777818,100.0,120.33777777777769,100.0,146.01555555555566,143.88888888888926,56.09111111111121,101.0,212.5722222222223,150.0,151.0,150.0,150.0,150.0,168.6111111111111,150.0,80.7400000000003,150.0,220.33777777777775,201.0,150.09111111111122,261.9666666666664,243.9088888888893,200.0,200.0,201.0,244.18888888888932,200.0,309.4022222222217,269.186666666666,300.0,251.0,250.0,250.0,229.08666666666676,206.111111111111,251.0,250.0,350.0,300.0,300.0,300.0,300.0,300.0,368.68444444444077,301.0,300.0,256.0911111111093,400.0,350.0,369.76222222222117,393.9088888888874,395.4355555555523,351.0,393.87888888888745,304.7744444444433,395.739999999997,369.18666666666564,450.0,400.0,419.76222222222117,380.23777777777696,330.73999999999694,400.0,400.0,400.0,443.8988888888874,330.73999999999694,500.0,488.7555555555535,488.17999999999796,430.23777777777696,450.0,493.9188888888874,429.0866666666658,450.0,430.81333333333254,379.0133333333302,500.0,519.7622222222212,480.81333333333254,480.81333333333254,501.0,500.0,500.0,500.0,50.0,34399.0
451.0,57.01660189972155,67.07396741937788,247.11071653104486,321.6319651772796,300.0,363.4311111111104,463.84756242162354,401.0,492.7747654507782,485.8622222222217,150.0,168.6111111111111,250.0,207.03741957895176,251.0,337.7199999999995,286.53744455522093,401.0,493.1244584487555,100.0,56.96491489212814,162.85555555555555,251.0,201.0,187.62127011376316,395.8645762016243,351.0,329.16137002678767,492.9880278888342,113.15570638006996,39.20611025135086,195.4618877798066,151.0,288.55315566931256,293.0533118656982,301.0,285.62802095038677,401.0,401.0,100.0,146.09111111111122,151.0,200.0,261.70444444444416,257.4181898600988,394.11143193327285,304.19640537758136,442.591451567665,404.3702846135896,501.0,57.008552253771754,212.04519255944902,151.0,300.0,251.0,301.0,315.0066666666659,401.0,492.9743958121461,50.0,147.48355612554184,107.17892384294504,111.58837330364909,153.6748407472691,301.0,350.0,437.9317294385686,442.6728090814904,451.0,436.05865529104005,57.153265305530965,61.90793066714815,87.14362162957767,242.85535691039917,187.62661622605899,301.0,278.9253863936241,401.0,387.3486195707396,95.39764552468523,150.0,106.64116024550447,200.0,230.23777777777786,186.58214625485886,37.08666666666672,351.0,462.8555555555549,50.0,50.0,56.96921560473721,100.58,101.0,137.4788829360373,300.0,236.7825339723749,471.5166224481692,344.03056139240124,492.7520385962084,69.7622222222223,101.0,28.511111111111166,29.66222222222228,29.086666666666723,100.0,100.0,69.7622222222223,51.0,50.0,61.82000000000015,100.0,149.9777777777782,100.0,120.91333333333324,100.0,145.97555555555567,143.87888888888926,56.10111111111121,101.0,213.14777777777786,150.0,151.0,150.0,150.0,150.0,169.18666666666664,150.0,80.16444444444474,150.0,220.9133333333333,201.0,151.0,262.54222222222194,243.8988888888893,200.0,200.0,201.0,244.17888888888933,200.0,309.97777777777725,269.7622222222215,300.0,251.0,250.0,250.0,228.5111111111112,206.121111111111,251.0,250.0,350.0,300.0,300.0,300.0,300.0,300.0,369.2599999999963,301.0,300.0,256.1011111111093,400.0,350.0,370.3377777777767,393.8988888888874,395.3955555555523,351.0,393.86888888888745,304.8144444444433,395.699999999997,369.76222222222117,450.0,400.0,420.3377777777767,379.6622222222214,330.16444444444136,400.0,400.0,400.0,443.88888888888744,330.16444444444136,500.0,488.7555555555535,488.17999999999796,429.6622222222214,450.0,493.9088888888874,428.5111111111102,450.0,430.23777777777696,378.4377777777746,500.0,520.3377777777768,480.23777777777696,480.23777777777696,501.0,500.0,500.0,500.0,50.0,34599.0
451.0,57.02660189972155,67.07396741937788,247.03071653104485,322.2075207328351,300.0,364.0066666666659,464.42311797717906,401.0,492.7647654507782,485.2866666666661,150.0,169.18666666666664,250.0,207.04741957895175,251.0,337.14444444444393,285.96188899966535,401.0,493.1144584487555,100.0,56.97491489212814,163.4311111111111,251.0,201.0,187.0457145582076,395.82457620162427,351.0,328.5858144712321,492.9780278888342,113.73126193562551,38.630554695795304,195.4218877798066,151.0,288.55315566931256,293.04331186569823,301.0,285.0524653948312,401.0,401.0,100.0,146.05111111111123,151.0,200.0,262.2799999999997,257.42818986009877,394.11143193327285,304.2364053775814,442.581451567665,404.4102846135896,501.0,57.01855225377175,212.62074811500457,151.0,300.0,251.0,301.0,315.58222222222145,401.0,492.9643958121461,50.0,147.40355612554183,107.18892384294504,111.58837330364909,153.71484074726908,301.0,350.0,437.9317294385686,442.6628090814904,451.0,435.4830997354845,57.16326530553096,61.90793066714815,86.56806607402211,242.84535691039918,187.05106067050343,301.0,278.3498308380685,401.0,386.773064015184,95.35764552468522,150.0,106.65116024550447,200.0,229.6622222222223,186.0065906993033,37.66222222222228,351.0,463.4311111111104,50.0,50.0,56.979215604737206,100.12,101.0,136.90332738048176,300.0,236.20697841681934,472.0921780037247,343.45500583684566,492.74203859620843,70.33777777777786,101.0,27.93555555555561,29.086666666666723,28.511111111111166,100.0,100.0,70.33777777777786,51.0,50.0,61.82000000000015,100.0,150.4777777777782,100.0,121.4888888888888,100.0,145.93555555555568,143.86888888888927,56.11111111111121,101.0,213.72333333333341,150.0,151.0,150.0,150.0,150.0,169.7622222222222,150.0,79.58888888888919,150.0,221.48888888888885,201.0,151.0,263.11777777777746,243.8888888888893,200.0,200.0,201.0,244.16888888888934,200.0,310.5533333333328,270.33777777777703,300.0,251.0,250.0,250.0,227.93555555555565,206.13111111111098,251.0,250.0,350.0,300.0,300.0,300.0,300.0,300.0,369.8355555555518,301.0,300.0,256.11111111110927,400.0,350.0,370.9133333333322,393.88888888888744,395.35555555555226,351.0,393.85888888888746,304.85444444444335,395.65999999999696,370.3377777777767,450.0,400.0,420.9133333333322,379.0866666666658,329.5888888888858,400.0,400.0,400.0,443.87888888888745,329.5888888888858,500.0,488.7555555555535,488.17999999999796,429.0866666666658,450.0,493.8988888888874,427.93555555555463,450.0,429.6622222222214,377.86222222221903,500.0,520.9133333333323,479.6622222222214,479.6622222222214,501.0,500.0,500.0,500.0,50.0,34799.0
451.0,57.036601899721546,67.07396741937788,246.95071653104483,322.78307628839065,300.0,364.58222222222145,464.9986735327346,401.0,492.7547654507782,484.71111111111054,150.0,169.7622222222222,250.0,207.05741957895174,251.0,336.56888888888835,285.38633344410977,401.0,493.1044584487555,100.0,56.98491489212814,164.00666666666666,251.0,201.0,186.47015900265205,395.78457620162425,351.0,328.0102589156765,492.96802788883423,114.30681749118106,38.05499914023975,195.38188777980662,151.0,288.55315566931256,293.03331186569824,301.0,284.4769098392756,401.0,401.0,100.0,146.01111111111123,151.0,200.0,262.8555555555552,257.43818986009876,394.11143193327285,304.2764053775814,442.571451567665,404.45028461358964,501.0,57.02855225377175,213.19630367056013,151.0,300.0,251.0,301.0,316.15777777777697,401.0,492.9543958121461,50.0,147.3235561255418,107.19892384294505,111.58837330364909,153.75484074726907,301.0,350.0,437.9317294385686,442.65280908149043,451.0,434.9075441799289,57.17326530553096,61.90793066714815,85.99251051846656,242.83535691039918,186.47550511494788,301.0,277.7742752825129,401.0,386.1975084596284,95.31764552468522,150.0,106.66116024550448,200.0,229.08666666666676,185.43103514374775,38.23777777777784,351.0,464.0066666666659,50.0,50.0,56.989215604737204,101.0,101.0,136.3277718249262,300.0,235.6314228612638,472.66773355928024,342.8794502812901,492.73203859620844,70.91333333333341,101.0,27.360000000000053,28.511111111111166,27.93555555555561,100.0,100.0,70.91333333333341,51.0,50.0,61.82000000000015,100.0,151.0177777777782,100.0,122.06444444444435,100.0,145.8955555555557,143.85888888888928,56.121111111111205,101.0,214.29888888888897,150.0,151.0,150.0,150.0,150.0,170.33777777777775,150.0,79.01333333333363,150.0,222.0644444444444,201.0,151.0,263.693333333333,243.87888888888932,200.0,200.0,201.0,244.15888888888935,200.0,311.1288888888883,270.91333333333256,300.0,251.0,250.0,250.0,227.3600000000001,206.14111111111097,251.0,250.0,350.0,300.0,300.0,300.0,300.0,300.0,370.41111111110735,301.0,300.0,256.12111111110926,400.0,350.0,371.48888888888774,393.87888888888745,395.31555555555224,351.0,393.8488888888875,304.89444444444337,395.61999999999694,370.9133333333322,450.0,400.0,421.48888888888774,378.5111111111102,329.0133333333302,400.0,400.0,400.0,443.86888888888745,329.0133333333302,500.0,488.7555555555535,488.17999999999796,428.5111111111102,450.0,493.88888888888744,427.35999999999905,450.0,429.0866666666658,377.28666666666345,500.0,521.4888888888878,479.0866666666658,479.0866666666658,501.0,500.0,500.0,500.0,50.0,34999.0
451.0,57.046601899721544,67.07396741937788,246.87071653104482,323.35863184394617,300.0,365.15777777777697,465.5742290882901,401.0,492.74476545077823,484.13555555555496,150.0,170.33777777777775,250.0,207.06741957895173,251.0,335.99333333333277,284.8107778885542,401.0,493.0944584487555,100.0,56.994914892128136,164.5822222222222,251.0,201.0,185.8946034470965,395.7445762016242,351.0,327.4347033601209,492.95802788883424,114.88237304673662,37.4794435846842,195.34188777980663,151.0,288.55315566931256,293.02331186569825,301.0,283.90135428372,401.0,401.0,100.0,145.97111111111124,151.0,200.0,263.43111111111074,257.44818986009875,394.11143193327285,304.3164053775814,442.561451567665,404.49028461358967,501.0,57.03855225377175,213.77185922611568,151.0,300.0,251.0,301.0,316.7333333333325,401.0,492.9443958121461,50.0,147.2435561255418,107.20892384294505,111.58837330364909,153.79484074726906,301.0,350.0,437.9317294385686,442.64280908149044,451.0,434.3319886243733,57.18326530553096,61.90793066714815,85.416954962911,242.8253569103992,185.89994955939233,301.0,277.19871972695734,401.0,385.6219529040728,95.27764552468521,150.0,106.67116024550448,200.0,228.5111111111112,184.8554795881922,38.813333333333404,351.0,464.58222222222145,50.0,50.0,56.9992156047372,101.0,101.0,135.75221626937065,300.0,235.05586730570823,473.24328911483576,342.3038947257345,492.72203859620845,71.48888888888897,101.0,26.784444444444496,27.93555555555561,27.360000000000053,100.0,100.0,71.48888888888897,51.0,50.0,61.82000000000015,100.0,151.59333333333376,100.0,122.6399999999999,100.0,145.8555555555557,143.8488888888893,56.1311111111112,101.0,214.87444444444452,150.0,151.0,150.0,150.0,150.0,170.9133333333333,150.0,78.43777777777808,150.0,222.63999999999996,201.0,151.0,264.2688888888885,243.86888888888933,200.0,200.0,201.0,244.14888888888936,200.0,311.7044444444438,271.4888888888881,300.0,251.0,250.0,250.0,226.78444444444455,206.15111111111096,251.0,250.0,350.0,300.0,300.0,300.0,300.0,300.0,370.98666666666287,301.0,300.0,256.13111111110925,400.0,350.0,372.06444444444327,393.86888888888745,395.2755555555522,351.0,393.8388888888875,304.9344444444434,395.5799999999969,371.48888888888774,450.0,400.0,422.06444444444327,377.93555555555463,328.4377777777746,400.0,400.0,400.0,443.85888888888746,328.4377777777746,500.0,488.7555555555535,488.17999999999796,427.93555555555463,450.0,493.87888888888745,426.78444444444347,450.0,428.5111111111102,376.71111111110787,500.0,522.0644444444433,478.5111111111102,478.5111111111102,501.0,500.0,500.0,500.0,50.0,35199.0
451.0,57.05660189972154,67.07396741937788,246.83071653104483,323.9341873995017,300.0,365.7333333333325,466.14978464384563,401.0,492.73476545077824,483.5599999999994,150.0,170.9133333333333,250.0,207.07741957895172,251.0,335.4177777777772,284.2352223329986,401.0,493.0844584487555,100.0,57.004914892128134,165.15777777777777,251.0,201.0,185.31904789154095,395.7045762016242,351.0,326.85914780456534,492.94802788883425,115.45792860229217,36.903888029128645,195.30188777980663,151.0,288.55315566931256,293.01331186569826,301.0,283.32579872816444,401.0,401.0,100.0,145.93111111111125,151.0,200.0,264.00666666666626,257.45818986009874,394.11143193327285,304.35640537758144,442.551451567665,404.5302846135897,501.0,57.048552253771746,214.34741478167123,151.0,300.0,251.0,301.0,317.308888888888,401.0,492.93439581214614,50.0,147.1635561255418,107.21892384294506,111.58837330364909,153.83484074726906,301.0,350.0,437.9317294385686,442.63280908149045,451.0,433.7564330688177,57.19326530553096,61.90793066714815,84.84139940735545,242.8153569103992,185.32439400383677,301.0,276.62316417140175,401.0,385.04639734851725,95.2376455246852,150.0,106.68116024550449,200.0,227.93555555555565,184.27992403263664,39.388888888888964,351.0,465.15777777777697,50.0,50.0,57.0092156047372,101.0,101.0,135.1766607138151,300.0,234.48031175015268,473.8188446703913,341.7283391701789,492.71203859620846,72.06444444444452,101.0,26.20888888888894,27.360000000000053,26.784444444444496,100.0,100.0,72.06444444444452,51.0,50.0,61.82000000000015,100.0,152.1688888888893,100.0,123.21555555555545,100.0,145.8155555555557,143.8388888888893,56.1411111111112,101.0,215.45000000000007,150.0,151.0,150.0,150.0,150.0,171.48888888888885,150.0,77.86222222222253,150.0,223.2155555555555,201.0,151.0,264.84444444444404,243.85888888888934,200.0,200.0,201.0,244.13888888888937,200.0,312.27999999999935,272.0644444444436,300.0,251.0,250.0,250.0,226.208888888889,206.16111111111096,251.0,250.0,350.0,300.0,300.0,300.0,300.0,300.0,371.5622222222184,301.0,300.0,256.14111111110924,400.0,350.0,372.6399999999988,393.85888888888746,395.2355555555522,351.0,393.8288888888875,304.9744444444434,395.5399999999969,372.06444444444327,450.0,400.0,422.6399999999988,377.35999999999905,327.86222222221903,400.0,400.0,400.0,443.8488888888875,327.86222222221903,500.0,488.7555555555535,488.17999999999796,427.35999999999905,450.0,493.86888888888745,426.2088888888879,450.0,427.93555555555463,376.1355555555523,500.0,522.6399999999988,477.93555555555463,477.93555555555463,501.0,500.0,500.0,500.0,50.0,35399.0
451.0,57.06660189972154,67.07396741937788,246.79071653104484,324.5097429550572,300.0,366.308888888888,466.72534019940116,401.0,492.72476545077825,482.9844444444438,150.0,171.48888888888885,250.0,207.0874195789517,251.0,334.8422222222216,283.659666777443,401.0,493.07445844875554,100.0,57.01491489212813,165.73333333333332,251.0,201.0,184.7434923359854,395.6645762016242,351.0,326.28359224900976,492.93802788883426,116.03348415784772,36.32833247357309,195.26188777980664,151.0,288.55315566931256,293.00331186569827,301.0,282.75024317260886,401.0,401.0,100.0,145.89111111111126,151.0,200.0,264.5822222222218,257.46818986009873,394.11143193327285,304.39640537758146,442.54145156766504,404.5702846135897,501.0,57.058552253771744,214.9229703372268,151.0,300.0,251.0,301.0,317.88444444444355,401.0,492.92439581214614,50.0,147.08355612554178,107.22892384294506,111.58837330364909,153.87484074726905,301.0,350.0,437.9317294385686,442.62280908149046,451.0,433.18087751326215,57.203265305530955,61.90793066714815,84.2658438517999,242.8053569103992,184.74883844828122,301.0,276.0476086158462,401.0,384.47084179296166,95.1976455246852,150.0,106.69116024550449,200.0,227.3600000000001,183.7043684770811,39.964444444444524,351.0,465.7333333333325,50.0,50.0,57.0192156047372,101.0,101.0,134.60110515825954,300.0,233.90475619459713,474.3944002259468,341.15278361462333,492.70203859620847,72.64000000000007,101.0,25.633333333333383,26.784444444444496,26.20888888888894,100.0,100.0,72.64000000000007,51.0,50.0,61.82000000000015,100.0,152.74444444444487,100.0,123.79111111111101,100.0,145.7755555555557,143.8288888888893,56.1511111111112,101.0,216.02555555555563,150.0,151.0,150.0,150.0,150.0,172.0644444444444,150.0,77.28666666666697,150.0,223.79111111111106,201.0,150.6,265.41999999999956,243.84888888888935,200.0,200.0,201.0,244.12888888888938,200.0,312.8555555555549,272.63999999999913,300.0,251.0,250.0,250.0,225.63333333333344,206.17111111111095,251.0,250.0,350.0,300.0,300.0,300.0,300.0,300.0,372.1377777777739,301.0,300.0,256.15111111110923,400.0,350.0,373.2155555555543,393.8488888888875,395.1955555555522,351.0,393.8188888888875,305.0144444444434,395.4999999999969,372.6399999999988,450.0,400.0,423.2155555555543,376.78444444444347,327.28666666666345,400.0,400.0,400.0,443.8388888888875,327.28666666666345,500.0,488.7555555555535,488.17999999999796,426.78444444444347,450.0,493.85888888888746,425.6333333333323,450.0,427.35999999999905,375.5599999999967,500.0,523.2155555555544,477.35999999999905,477.35999999999905,501.0,500.0,500.0,500.0,50.0,35599.0
451.0,57.07660189972154,67.07396741937788,246.75071653104484,325.08529851061274,300.0,366.88444444444355,467.3008957549567,401.0,492.71476545077826,482.4088888888882,150.0,172.0644444444444,250.0,207.0974195789517,251.0,334.266666666666,283.08411122188744,401.0,493.06445844875554,100.0,57.02491489212813,166.30888888888887,251.0,201.0,184.16793678042984,395.62457620162417,351.0,325.7080366934542,492.92802788883427,116.60903971340328,35.75277691801754,195.22188777980665,151.0,288.55315566931256,292.9933118656983,301.0,282.1746876170533,401.0,401.0,100.0,145.85111111111127,151.0,200.0,265.1577777777773,257.4781898600987,394.11143193327285,304.4364053775815,442.53145156766504,404.6102846135897,501.0,57.06855225377174,215.49852589278234,151.0,300.0,251.0,301.0,318.45999999999907,401.0,492.91439581214615,50.0,147.00355612554176,107.23892384294507,111.58837330364909,153.91484074726904,301.0,350.0,437.9317294385686,442.61280908149047,451.0,432.60532195770656,57.21326530553095,61.90793066714815,83.69028829624435,242.79535691039922,184.17328289272567,301.0,275.4720530602906,401.0,383.8952862374061,95.1576455246852,150.0,106.7011602455045,200.0,226.78444444444455,183.12881292152554,40.540000000000084,351.0,466.308888888888,50.0,50.0,57.029215604737196,101.0,101.0,134.025549602704,300.0,233.32920063904157,474.96995578150234,340.57722805906775,492.6920385962085,73.21555555555562,101.0,25.057777777777826,26.20888888888894,25.633333333333383,100.0,100.0,73.21555555555562,51.0,50.0,61.82000000000015,100.0,153.32000000000042,100.0,124.36666666666656,100.0,145.73555555555572,143.81888888888932,56.1611111111112,101.0,216.60111111111118,150.0,151.0,150.0,150.0,150.0,172.63999999999996,150.0,76.71111111111142,150.0,224.36666666666662,201.0,150.14,265.9955555555551,243.83888888888936,200.0,200.0,201.0,244.1188888888894,200.0,313.4311111111104,273.21555555555466,300.0,251.0,250.0,250.0,225.0577777777779,206.18111111111094,251.0,250.0,350.0,300.0,300.0,300.0,300.0,300.0,372.71333333332944,301.0,300.0,256.1611111111092,400.0,350.0,373.79111111110984,393.8388888888875,395.15555555555216,351.0,393.8088888888875,305.05444444444345,395.45999999999685,373.2155555555543,450.0,400.0,423.79111111110984,376.2088888888879,326.71111111110787,400.0,400.0,400.0,443.8288888888875,326.71111111110787,500.0,488.7555555555535,488.17999999999796,426.2088888888879,450.0,493.8488888888875,425.0577777777767,450.0,426.78444444444347,374.9844444444411,500.0,523.7911111111099,476.78444444444347,476.78444444444347,501.0,500.0,500.0,500.0,50.0,35799.0
451.0,57.086601899721536,67.07396741937788,246.71071653104485,325.66085406616827,300.0,367.45999999999907,467.8764513105122,401.0,492.70476545077827,481.83333333333263,150.0,172.63999999999996,250.0,207.1074195789517,251.0,333.69111111111044,282.50855566633186,401.0,493.05445844875555,100.0,57.03491489212813,166.88444444444443,251.0,201.0,183.5923812248743,395.58457620162415,351.0,325.1324811378986,492.9180278888343,117.18459526895883,35.177221362461985,195.18188777980666,151.0,288.55315566931256,292.9833118656983,301.0,281.5991320614977,401.0,401.0,100.0,145.81111111111127,151.0,200.0,265.73333333333284,257.4881898600987,394.11143193327285,304.4764053775815,442.52145156766505,404.65028461358975,501.0,57.07855225377174,216.0740814483379,151.0,300.0,251.0,301.0,319.0355555555546,401.0,492.90439581214616,50.0,146.92355612554175,107.24892384294508,111.58837330364909,153.95484074726903,301.0,350.0,437.9317294385686,442.6028090814905,451.0,432.029766402151,57.22326530553095,61.90793066714815,83.1147327406888,242.78535691039923,183.5977273371701,301.0,274.896497504735,401.0,383.3197306818505,95.11764552468519,150.0,106.7111602455045,200.0,226.208888888889,182.55325736596998,41.115555555555645,351.0,466.88444444444355,50.0,50.0,57.039215604737194,101.0,101.0,133.44999404714844,300.0,232.75364508348602,475.54551133705786,340.00167250351217,492.6820385962085,73.79111111111118,101.0,525.0,25.633333333333383,25.057777777777826,100.0,100.0,73.79111111111118,51.0,50.0,61.82000000000015,100.0,153.89555555555597,100.0,124.94222222222211,100.0,145.69555555555573,143.80888888888933,56.171111111111195,101.0,217.17666666666673,150.0,151.0,150.0,150.0,150.0,173.2155555555555,150.0,76.13555555555587,150.0,224.94222222222217,201.0,149.64,266.5711111111106,243.82888888888937,200.0,200.0,201.0,244.1088888888894,200.0,314.0066666666659,273.7911111111102,300.0,251.0,250.0,250.0,224.48222222222233,206.19111111111093,251.0,250.0,350.0,300.0,300.0,300.0,300.0,300.0,373.28888888888497,301.0,300.0,256.1711111111092,400.0,350.0,374.36666666666537,393.8288888888875,395.11555555555213,351.0,393.7988888888875,305.06444444444344,395.41999999999683,373.79111111110984,450.0,400.0,424.36666666666537,375.6333333333323,326.1355555555523,400.0,400.0,400.0,443.8188888888875,326.1355555555523,500.0,488.7555555555535,488.17999999999796,425.6333333333323,450.0,493.8388888888875,424.48222222222114,450.0,426.2088888888879,374.40888888888554,500.0,524.3666666666654,476.2088888888879,476.2088888888879,501.0,500.0,500.0,500.0,50.0,35999.0
451.0,57.096601899721534,67.07396741937788,246.67071653104486,326.2364096217238,300.0,368.0355555555546,468.45200686606773,401.0,492.6947654507783,481.25777777777705,150.0,173.2155555555555,250.0,207.11741957895168,251.0,333.11555555555486,281.9330001107763,401.0,493.04445844875556,100.0,57.044914892128126,167.45999999999998,251.0,201.0,183.01682566931873,395.5445762016241,351.0,324.556925582343,492.9080278888343,117.76015082451438,34.60166580690643,195.14188777980667,151.0,288.55315566931256,292.9733118656983,301.0,281.0235765059421,401.0,401.0,100.0,145.77111111111128,151.0,200.0,266.30888888888836,257.4981898600987,394.11143193327285,304.5164053775815,442.51145156766506,404.69028461358977,501.0,57.08855225377174,216.64963700389345,151.0,300.0,251.0,301.0,319.6111111111101,401.0,492.8943958121462,50.0,146.84355612554174,107.25892384294508,111.58837330364909,153.99484074726902,301.0,350.0,437.9317294385686,442.5928090814905,451.0,431.4542108465954,57.23326530553095,61.90793066714815,82.53917718513324,242.77535691039924,183.02217178161456,301.0,274.3209419491794,401.0,382.7441751262949,95.07764552468518,150.0,106.7211602455045,200.0,225.63333333333344,181.97770181041443,41.691111111111205,351.0,467.45999999999907,50.0,50.0,57.04921560473719,101.0,101.0,132.87443849159288,300.0,232.17808952793047,476.1210668926134,339.4261169479566,492.6720385962085,74.36666666666673,101.0,524.4244444444445,25.057777777777826,525.0,100.0,100.0,74.36666666666673,51.0,50.0,61.82000000000015,100.0,154.47111111111153,100.0,125.51777777777767,100.0,145.65555555555574,143.79888888888934,56.18111111111119,101.0,217.7522222222223,150.0,151.0,150.0,150.0,150.0,173.79111111111106,150.0,75.56000000000031,150.0,225.51777777777772,201.0,149.1,267.14666666666614,243.81888888888938,200.0,200.0,201.0,244.0988888888894,200.0,314.58222222222145,274.3666666666657,300.0,251.0,250.0,250.0,223.90666666666678,206.20111111111092,251.0,250.0,350.0,300.0,300.0,300.0,300.0,300.0,373.8644444444405,301.0,300.0,256.1811111111092,400.0,350.0,374.9422222222209,393.8188888888875,395.0755555555521,351.0,393.7888888888875,305.07444444444343,395.3799999999968,374.36666666666537,450.0,400.0,424.9422222222209,375.0577777777767,325.5599999999967,400.0,400.0,400.0,443.8088888888875,325.5599999999967,500.0,488.7555555555535,488.17999999999796,425.0577777777767,450.0,493.8288888888875,423.90666666666556,450.0,425.6333333333323,373.83333333332996,500.0,524.942222222221,475.6333333333323,475.6333333333323,501.0,500.0,500.0,500.0,50.0,36199.0
451.0,57.10660189972153,67.07396741937788,246.63071653104487,326.8119651772793,300.0,368.6111111111101,469.02756242162326,401.0,492.6847654507783,480.68222222222147,150.0,173.79111111111106,250.0,207.12741957895167,251.0,332.5399999999993,281.3574445552207,401.0,493.0344584487556,100.0,57.054914892128124,168.03555555555553,251.0,201.0,182.44127011376318,395.5045762016241,351.0,323.98137002678743,492.8980278888343,118.33570638006994,34.02611025135088,195.10188777980667,151.0,288.55315566931256,292.9633118656983,301.0,280.44802095038654,401.0,401.0,100.0,145.7311111111113,151.0,200.0,266.8844444444439,257.5081898600987,394.11143193327285,304.55640537758154,442.5014515676651,404.7302846135898,501.0,57.098552253771736,217.225192559449,151.0,300.0,251.0,301.0,320.18666666666564,401.0,492.8843958121462,50.0,146.80355612554175,107.26892384294509,111.58837330364909,154.03484074726902,301.0,350.0,437.9317294385686,442.5828090814905,451.0,430.8786552910398,57.24326530553095,61.90793066714815,81.96362162957769,242.76535691039925,182.446616226059,301.0,273.74538639362385,401.0,382.16861957073934,95.03764552468517,150.0,106.73116024550451,200.0,225.0577777777779,181.40214625485888,42.266666666666765,351.0,468.0355555555546,50.0,50.0,57.05921560473719,101.0,101.0,132.29888293603733,300.0,231.6025339723749,476.6966224481689,338.850561392401,492.6620385962085,74.94222222222228,101.0,523.848888888889,525.0,524.4244444444445,100.0,100.0,74.94222222222228,51.0,50.0,61.82000000000015,100.0,155.04666666666708,100.0,126.09333333333322,100.0,145.61555555555574,143.78888888888935,56.19111111111119,101.0,218.32777777777784,150.0,151.0,150.0,150.0,150.0,174.36666666666662,150.0,74.98444444444476,150.0,226.09333333333328,201.0,148.52444444444444,267.72222222222166,243.80888888888938,200.0,200.0,201.0,244.08888888888941,200.0,315.15777777777697,274.94222222222123,300.0,251.0,250.0,250.0,223.33111111111123,206.2111111111109,251.0,250.0,350.0,300.0,300.0,300.0,300.0,300.0,374.439999999996,301.0,300.0,256.1911111111092,400.0,350.0,375.5177777777764,393.8088888888875,395.0355555555521,351.0,393.77888888888754,305.0844444444434,395.3399999999968,374.9422222222209,450.0,400.0,425.5177777777764,374.48222222222114,324.9844444444411,400.0,400.0,400.0,443.7988888888875,324.9844444444411,500.0,488.7555555555535,488.17999999999796,424.48222222222114,450.0,493.8188888888875,423.33111111111,450.0,425.0577777777767,373.2577777777744,500.0,25.0,475.0577777777767,475.0577777777767,501.0,500.0,500.0,500.0,50.0,36399.0
451.0,57.11660189972153,67.07396741937788,246.59071653104488,327.38752073283484,300.0,369.18666666666564,469.6031179771788,401.0,492.6747654507783,480.1066666666659,150.0,174.36666666666662,250.0,207.13741957895166,251.0,331.9644444444437,280.7818889996651,401.0,493.0244584487556,100.0,57.06491489212812,168.6111111111111,251.0,201.0,181.86571455820763,395.4645762016241,351.0,323.40581447123185,492.8880278888343,118.91126193562549,33.450554695795326,195.06188777980668,151.0,288.55315566931256,292.9533118656983,301.0,279.87246539483095,401.0,401.0,100.0,145.6911111111113,151.0,200.0,267.4599999999994,257.5181898600987,394.10143193327286,304.59640537758156,442.4914515676651,404.7702846135898,501.0,57.108552253771734,217.80074811500455,151.0,300.0,251.0,301.0,320.76222222222117,401.0,492.8743958121462,50.0,146.76355612554175,107.27892384294509,111.58837330364909,154.074840747269,301.0,350.0,437.9317294385686,442.5728090814905,451.0,430.30309973548424,57.253265305530945,61.90793066714815,81.38806607402213,242.75535691039926,181.87106067050345,301.0,273.16983083806826,401.0,381.59306401518376,94.99764552468517,150.0,106.74116024550452,200.0,224.48222222222233,180.82659069930332,42.842222222222325,351.0,468.6111111111101,50.0,50.0,57.06921560473719,101.0,101.0,131.72332738048178,300.0,231.02697841681936,477.27217800372443,338.2750058368454,492.6520385962085,75.51777777777784,101.0,523.2733333333334,524.4244444444445,523.848888888889,100.0,100.0,75.51777777777784,51.0,50.0,61.82000000000015,100.0,155.62222222222263,100.0,126.66888888888877,100.0,145.57555555555575,143.77888888888936,56.20111111111119,101.0,218.9033333333334,150.0,151.0,150.0,150.0,150.0,174.94222222222217,150.0,74.40888888888921,150.0,226.66888888888883,201.0,147.9488888888889,268.2977777777772,243.7988888888894,200.0,200.0,201.0,244.07888888888942,200.0,315.7333333333325,275.51777777777676,300.0,251.0,250.0,250.0,222.75555555555567,206.2211111111109,251.0,250.0,350.0,300.0,300.0,300.0,300.0,300.0,375.01555555555154,301.0,300.0,256.2011111111092,400.0,350.0,376.09333333333194,393.7988888888875,394.9955555555521,351.0,393.76888888888755,305.0944444444434,395.29999999999677,375.5177777777764,450.0,400.0,426.09333333333194,373.90666666666556,324.40888888888554,400.0,400.0,400.0,443.7888888888875,324.40888888888554,500.0,488.7555555555535,488.17999999999796,423.90666666666556,450.0,493.8088888888875,422.7555555555544,450.0,424.48222222222114,372.6822222222188,500.0,25.575555555555557,474.48222222222114,474.48222222222114,501.0,500.0,500.0,500.0,50.0,36599.0
451.0,57.12660189972153,67.07396741937788,246.55071653104488,327.96307628839037,300.0,369.76222222222117,470.1786735327343,401.0,492.6647654507783,479.5311111111103,150.0,174.94222222222217,250.0,207.14741957895166,251.0,331.3888888888881,280.20633344410953,401.0,493.0144584487556,100.0,57.07491489212812,169.18666666666664,251.0,201.0,181.29015900265208,395.42457620162406,351.0,322.83025891567627,492.8780278888343,119.48681749118104,32.87499914023977,195.0218877798067,151.0,288.55315566931256,292.9433118656983,301.0,279.2969098392754,401.0,401.0,100.0,145.6511111111113,151.0,200.0,268.03555555555494,257.5281898600987,394.0914319332729,304.6364053775816,442.4814515676651,404.81028461358983,501.0,57.11855225377173,218.3763036705601,151.0,300.0,251.0,301.0,321.3377777777767,401.0,492.8643958121462,50.0,146.72355612554176,107.2889238429451,111.58837330364909,154.114840747269,301.0,350.0,437.9317294385686,442.5628090814905,451.0,429.72754417992866,57.26326530553094,61.90793066714815,80.81251051846658,242.74535691039927,181.2955051149479,301.0,272.5942752825127,401.0,381.0175084596282,94.95764552468516,150.0,106.75116024550452,200.0,223.90666666666678,180.25103514374777,43.417777777777886,351.0,469.18666666666564,50.0,50.0,57.079215604737186,101.0,101.0,131.14777182492622,300.0,230.4514228612638,477.84773355927996,337.69945028128984,492.6420385962085,76.09333333333339,101.0,522.6977777777779,523.848888888889,523.2733333333334,100.0,100.0,76.09333333333339,51.0,50.0,61.82000000000015,100.0,156.19777777777819,100.0,127.24444444444433,100.0,145.53555555555576,143.76888888888936,56.21111111111119,101.0,219.47888888888895,150.0,151.0,150.0,150.0,150.0,175.51777777777772,150.0,73.83333333333366,150.0,227.24444444444438,201.0,147.37333333333333,268.8733333333327,243.7888888888894,200.0,200.0,201.0,244.06888888888943,200.0,316.308888888888,276.0933333333323,300.0,251.0,250.0,250.0,222.18000000000012,206.2311111111109,251.0,250.0,350.0,300.0,300.0,300.0,300.0,300.0,375.59111111110707,301.0,300.0,256.2111111111092,400.0,350.0,376.66888888888747,393.7888888888875,394.95555555555205,351.0,393.75888888888755,305.1044444444434,395.25999999999675,376.09333333333194,450.0,400.0,426.66888888888747,373.33111111111,323.83333333332996,400.0,400.0,400.0,443.77888888888754,323.83333333332996,500.0,488.7555555555535,488.17999999999796,423.33111111111,450.0,493.7988888888875,422.1799999999988,450.0,423.90666666666556,372.1066666666632,500.0,26.151111111111113,473.90666666666556,473.90666666666556,501.0,500.0,500.0,500.0,50.0,36799.0
451.0,57.136601899721526,67.07396741937788,246.5107165310449,328.5386318439459,300.0,370.3377777777767,470.75422908828983,401.0,492.6547654507783,478.9555555555547,150.0,175.51777777777772,250.0,207.15741957895165,251.0,330.81333333333254,279.63077788855395,401.0,493.0044584487556,100.0,57.08491489212812,169.7622222222222,251.0,201.0,180.71460344709652,395.38457620162404,351.0,322.2547033601207,492.8680278888343,120.0623730467366,32.29944358468422,194.9818877798067,151.0,288.55315566931256,292.93331186569833,301.0,278.7213542837198,401.0,401.0,100.0,145.6111111111113,151.0,200.0,268.61111111111046,257.53818986009867,394.0814319332729,304.6764053775816,442.4714515676651,404.85028461358985,501.0,57.12855225377173,218.95185922611566,151.0,300.0,251.0,301.0,321.9133333333322,401.0,492.8543958121462,50.0,146.68355612554177,107.2989238429451,111.58837330364909,154.154840747269,301.0,350.0,437.9317294385686,442.5528090814905,451.0,429.1519886243731,57.27326530553094,61.90793066714815,80.23695496291103,242.73535691039928,180.71994955939235,301.0,272.0187197269571,401.0,380.4419529040726,94.94764552468516,150.0,106.76116024550453,200.0,223.33111111111123,179.67547958819222,43.993333333333446,351.0,469.76222222222117,50.0,50.0,57.089215604737184,101.0,101.0,130.57221626937067,300.0,229.87586730570825,478.4232891148355,337.12389472573426,492.63203859620853,76.66888888888894,101.0,522.1222222222224,523.2733333333334,522.6977777777779,100.0,100.0,76.66888888888894,51.0,50.0,61.82000000000015,100.0,156.77333333333374,100.0,127.81999999999988,100.0,145.49555555555577,143.75888888888937,56.221111111111185,101.0,220.0544444444445,150.0,151.0,150.0,150.0,150.0,176.09333333333328,150.0,73.2577777777781,150.0,227.81999999999994,201.0,146.79777777777778,269.44888888888823,243.7788888888894,200.0,200.0,201.0,244.05888888888944,200.0,316.88444444444355,276.6688888888878,300.0,251.0,250.0,250.0,221.60444444444457,206.24111111111088,251.0,250.0,350.0,300.0,300.0,300.0,300.0,300.0,376.1666666666626,301.0,300.0,256.22111111110917,400.0,350.0,377.244444444443,393.77888888888754,394.94555555555206,351.0,393.74888888888756,305.1144444444434,395.21999999999673,376.66888888888747,450.0,400.0,427.244444444443,372.7555555555544,323.2577777777744,400.0,400.0,400.0,443.76888888888755,323.2577777777744,500.0,488.7555555555535,488.17999999999796,422.7555555555544,450.0,493.7888888888875,421.60444444444323,450.0,423.33111111111,371.53111111110763,500.0,26.72666666666667,473.33111111111,473.33111111111,501.0,500.0,500.0,500.0,50.0,36999.0
451.0,57.146601899721524,67.07396741937788,246.4707165310449,329.1141873995014,300.0,370.9133333333322,471.32978464384536,401.0,492.6447654507783,478.37999999999914,150.0,176.09333333333328,250.0,207.16741957895164,251.0,330.23777777777696,279.05522233299837,401.0,492.9944584487556,100.0,57.094914892128116,170.33777777777775,251.0,201.0,180.13904789154097,395.344576201624,351.0,321.6791478045651,492.85802788883433,120.63792860229215,31.723888029128663,194.9418877798067,151.0,288.55315566931256,292.92331186569834,301.0,278.1457987281642,401.0,401.0,100.0,145.57111111111132,151.0,200.0,269.186666666666,257.54818986009866,394.0714319332729,304.7164053775816,442.4614515676651,404.89028461358987,501.0,57.13855225377173,219.5274147816712,151.0,300.0,251.0,301.0,322.48888888888774,401.0,492.8443958121462,50.0,146.64355612554178,107.3089238429451,111.58837330364909,154.19484074726898,301.0,350.0,437.9317294385686,442.54280908149053,451.0,428.5764330688175,57.28326530553094,61.90793066714815,79.66139940735547,242.72535691039928,180.1443940038368,301.0,271.4431641714015,401.0,379.866397348517,94.93764552468515,150.0,106.77116024550453,200.0,222.75555555555567,179.09992403263666,44.568888888889006,351.0,470.3377777777767,50.0,50.0,57.09921560473718,101.0,101.0,129.99666071381512,300.0,229.3003117501527,478.998844670391,336.5483391701787,492.62203859620854,77.2444444444445,101.0,521.5466666666669,522.6977777777779,522.1222222222224,100.0,100.0,77.2444444444445,51.0,50.0,61.82000000000015,100.0,157.3488888888893,100.0,128.39555555555543,100.0,145.45555555555578,143.74888888888938,56.23111111111118,101.0,220.63000000000005,150.0,151.0,150.0,150.0,150.0,176.66888888888883,150.0,72.68222222222255,150.0,228.3955555555555,201.0,146.22222222222223,270.02444444444376,243.76888888888942,200.0,200.0,201.0,244.04888888888945,200.0,317.45999999999907,277.24444444444333,300.0,251.0,250.0,250.0,221.028888888889,206.25111111111087,251.0,250.0,350.0,300.0,300.0,300.0,300.0,300.0,376.7422222222181,301.0,300.0,256.23111111110916,400.0,350.0,377.8199999999985,393.76888888888755,394.93555555555207,351.0,393.7388888888876,305.1244444444434,395.1799999999967,377.244444444443,450.0,400.0,427.8199999999985,372.1799999999988,322.6822222222188,400.0,400.0,400.0,443.75888888888755,322.6822222222188,500.0,488.7555555555535,488.17999999999796,422.1799999999988,450.0,493.77888888888754,421.02888888888765,450.0,422.7555555555544,370.95555555555205,500.0,27.302222222222227,472.7555555555544,472.7555555555544,501.0,500.0,500.0,500.0,50.0,37199.0
451.0,57.15660189972152,67.07396741937788,246.4307165310449,329.68974295505694,300.0,371.48888888888774,471.9053401994009,401.0,492.63476545077833,477.80444444444356,150.0,176.66888888888883,250.0,207.17741957895163,251.0,329.6622222222214,278.4796667774428,401.0,492.9844584487556,100.0,57.104914892128114,170.9133333333333,251.0,201.0,179.56349233598542,395.304576201624,351.0,321.1035922490095,492.84802788883434,121.2134841578477,31.148332473573106,194.93188777980671,151.0,288.55315566931256,292.91331186569835,301.0,277.5702431726086,401.0,401.0,100.0,145.53111111111133,151.0,200.0,269.7622222222215,257.55818986009865,394.0614319332729,304.75640537758164,442.4514515676651,404.9302846135899,501.0,57.148552253771726,220.10297033722676,151.0,300.0,251.0,301.0,323.06444444444327,401.0,492.8343958121462,50.0,146.6035561255418,107.31892384294511,111.58837330364909,154.23484074726898,301.0,350.0,437.9317294385686,442.53280908149054,451.0,428.0008775132619,57.29326530553094,61.90793066714815,79.08584385179992,242.7153569103993,179.56883844828124,301.0,270.86760861584594,401.0,379.29084179296143,94.92764552468515,150.0,106.78116024550454,200.0,222.18000000000012,178.5243684770811,45.14444444444457,351.0,470.9133333333322,50.0,50.0,57.10921560473718,101.0,101.0,129.42110515825956,300.0,228.72475619459715,479.57440022594653,335.9727836146231,492.61203859620855,77.82000000000005,101.0,520.9711111111113,522.1222222222224,521.5466666666669,100.0,100.0,77.82000000000005,51.0,50.0,61.82000000000015,100.0,157.92444444444484,100.0,128.971111111111,100.0,145.41555555555578,143.7388888888894,56.24111111111118,101.0,221.2055555555556,150.0,151.0,150.0,150.0,150.0,177.24444444444438,150.0,72.106666666667,150.0,228.97111111111104,201.0,145.64666666666668,270.5999999999993,243.75888888888943,200.0,200.0,201.0,244.03888888888946,200.0,318.0355555555546,277.81999999999886,300.0,251.0,250.0,250.0,220.45333333333346,206.26111111111086,251.0,250.0,350.0,300.0,300.0,300.0,300.0,300.0,377.31777777777364,301.0,300.0,256.24111111110915,400.0,350.0,378.39555555555404,393.75888888888755,394.9255555555521,351.0,393.7288888888876,305.1344444444434,395.1399999999967,377.8199999999985,450.0,400.0,428.39555555555404,371.60444444444323,322.1066666666632,400.0,400.0,400.0,443.74888888888756,322.1066666666632,500.0,488.7555555555535,488.17999999999796,421.60444444444323,450.0,493.76888888888755,420.45333333333207,450.0,422.1799999999988,370.37999999999647,500.0,27.877777777777784,472.1799999999988,472.1799999999988,501.0,500.0,500.0,500.0,50.0,37399.0
451.0,57.16660189972152,67.07396741937788,246.39071653104492,330.26529851061247,300.0,372.06444444444327,472.4808957549564,401.0,492.62476545077834,477.228888888888,150.0,177.24444444444438,250.0,207.18741957895162,251.0,329.0866666666658,277.9041112218872,401.0,492.9744584487556,100.0,57.11491489212811,171.48888888888885,251.0,201.0,178.98793678042986,395.264576201624,351.0,320.52803669345394,492.83802788883435,121.78903971340326,30.57277691801755,194.92188777980672,151.0,288.55315566931256,292.90331186569836,301.0,276.99468761705305,401.0,401.0,100.0,145.49111111111134,151.0,200.0,270.33777777777703,257.56818986009864,394.0514319332729,304.79640537758166,442.4414515676651,404.9702846135899,501.0,57.158552253771724,220.67852589278232,151.0,300.0,251.0,301.0,323.6399999999988,401.0,492.82439581214624,50.0,146.5635561255418,107.32892384294512,111.58837330364909,154.27484074726897,301.0,350.0,437.9317294385686,442.52280908149055,451.0,427.42532195770633,57.303265305530935,61.90793066714815,78.51028829624437,242.7053569103993,178.9932828927257,301.0,270.29205306029036,401.0,378.71528623740585,94.91764552468514,150.0,106.79116024550454,200.0,221.60444444444457,177.94881292152556,45.72000000000013,351.0,471.48888888888774,50.0,50.0,57.11921560473718,101.0,101.0,128.845549602704,300.0,228.1492006390416,480.14995578150206,335.3972280590675,492.60203859620856,78.3955555555556,101.0,520.3955555555558,521.5466666666669,520.9711111111113,100.0,100.0,78.3955555555556,51.0,50.0,61.82000000000015,100.0,158.5000000000004,100.0,129.54666666666654,100.0,145.3755555555558,143.7288888888894,56.25111111111118,101.0,221.78111111111116,150.0,151.0,150.0,150.0,150.0,177.81999999999994,150.0,71.53111111111144,150.0,229.5466666666666,201.0,145.07111111111112,271.1755555555548,243.74888888888944,200.0,200.0,201.0,244.02888888888947,200.0,318.6111111111101,278.3955555555544,300.0,251.0,250.0,250.0,219.8777777777779,206.27111111111086,251.0,250.0,350.0,300.0,300.0,300.0,300.0,300.0,377.89333333332917,301.0,300.0,256.25111111110914,400.0,350.0,378.97111111110956,393.74888888888756,394.9155555555521,351.0,393.7188888888876,305.14444444444337,395.09999999999667,378.39555555555404,450.0,400.0,428.97111111110956,371.02888888888765,321.53111111110763,400.0,400.0,400.0,443.7388888888876,321.53111111110763,500.0,488.7555555555535,488.17999999999796,421.02888888888765,450.0,493.75888888888755,419.8777777777765,450.0,421.60444444444323,369.8044444444409,500.0,28.45333333333334,471.60444444444323,471.60444444444323,501.0,500.0,500.0,500.0,50.0,37599.0
451.0,57.17660189972152,67.07396741937788,246.35071653104492,330.840854066168,300.0,372.6399999999988,473.05645131051193,401.0,492.61476545077835,476.6533333333324,150.0,177.81999999999994,250.0,207.1974195789516,251.0,328.5111111111102,277.3285556663316,401.0,492.96445844875564,100.0,57.12491489212811,172.0644444444444,251.0,201.0,178.4123812248743,395.22457620162396,351.0,319.95248113789836,492.82802788883436,122.36459526895881,29.997221362461993,194.91188777980673,151.0,288.55315566931256,292.89331186569837,301.0,276.41913206149746,401.0,401.0,100.0,145.45111111111135,151.0,200.0,270.91333333333256,257.57818986009863,394.0414319332729,304.8364053775817,442.43145156766514,405.01028461358993,501.0,57.16855225377172,221.25408144833787,151.0,300.0,251.0,301.0,324.2155555555543,401.0,492.81439581214624,50.0,146.5235561255418,107.33892384294512,111.58837330364909,154.31484074726896,301.0,350.0,437.9317294385686,442.51280908149056,451.0,426.84976640215075,57.31326530553093,61.90793066714815,77.93473274068882,242.6953569103993,178.41772733717013,301.0,269.7164975047348,401.0,378.13973068185027,94.90764552468514,150.0,106.80116024550455,200.0,221.028888888889,177.37325736597,46.29555555555569,351.0,472.06444444444327,50.0,50.0,57.129215604737176,101.0,101.0,128.26999404714846,300.0,227.57364508348604,480.7255113370576,334.82167250351193,492.59203859620857,78.97111111111116,101.0,519.8200000000003,520.9711111111113,520.3955555555558,100.0,100.0,78.97111111111116,51.0,50.0,61.82000000000015,100.0,159.07555555555595,100.0,130.1222222222221,100.0,145.3355555555558,143.7188888888894,56.26111111111118,101.0,222.3566666666667,150.0,151.0,150.0,150.0,150.0,178.3955555555555,150.0,70.95555555555589,150.0,230.12222222222215,201.0,144.49555555555557,271.75111111111033,243.73888888888945,200.0,200.0,201.0,244.01888888888948,200.0,319.18666666666564,278.9711111111099,300.0,251.0,250.0,250.0,219.30222222222235,206.28111111111085,251.0,250.0,350.0,300.0,300.0,300.0,300.0,300.0,378.4688888888847,301.0,300.0,256.26111111110913,400.0,350.0,379.5466666666651,393.7388888888876,394.9055555555521,351.0,393.7088888888876,305.15444444444336,395.05999999999665,378.97111111110956,450.0,400.0,429.5466666666651,370.45333333333207,320.95555555555205,400.0,400.0,400.0,443.7288888888876,320.95555555555205,500.0,488.7555555555535,488.17999999999796,420.45333333333207,450.0,493.74888888888756,419.3022222222209,450.0,421.02888888888765,369.2288888888853,500.0,29.028888888888897,471.02888888888765,471.02888888888765,501.0,500.0,500.0,500.0,50.0,37799.0
451.0,57.186601899721516,67.07396741937788,246.31071653104493,331.4164096217235,300.0,373.2155555555543,473.63200686606746,401.0,492.60476545077836,476.0777777777768,150.0,178.3955555555555,250.0,207.2074195789516,251.0,327.93555555555463,276.75300011077604,401.0,492.95445844875564,100.0,57.13491489212811,172.63999999999996,251.0,201.0,177.83682566931876,395.18457620162394,351.0,319.3769255823428,492.81802788883437,122.94015082451436,29.421665806906436,194.90188777980674,151.0,288.55315566931256,292.8833118656984,301.0,275.8435765059419,401.0,401.0,100.0,145.41111111111135,151.0,200.0,271.4888888888881,257.5881898600986,394.0314319332729,304.8764053775817,442.42145156766514,405.05028461358995,501.0,57.17855225377172,221.82963700389342,151.0,300.0,251.0,301.0,324.79111111110984,401.0,492.80439581214625,50.0,146.4835561255418,107.34892384294513,111.58837330364909,154.35484074726895,301.0,350.0,437.9317294385686,442.50280908149057,451.0,426.27421084659517,57.32326530553093,61.90793066714815,77.35917718513326,242.68535691039932,177.84217178161458,301.0,269.1409419491792,401.0,377.5641751262947,94.89764552468513,150.0,106.81116024550455,200.0,220.45333333333346,176.79770181041445,46.87111111111125,351.0,472.6399999999988,50.0,50.0,57.139215604737174,101.0,101.0,127.6944384915929,300.0,226.9980895279305,481.3010668926131,334.24611694795635,492.5820385962086,79.54666666666671,101.0,519.2444444444448,520.3955555555558,519.8200000000003,100.0,100.0,79.54666666666671,51.0,50.0,61.82000000000015,100.0,159.6511111111115,100.0,130.69777777777765,100.0,145.2955555555558,143.70888888888942,56.271111111111175,101.0,222.93222222222226,150.0,151.0,150.0,150.0,150.0,178.97111111111104,150.0,70.38000000000034,150.0,230.6977777777777,201.0,143.92000000000002,272.32666666666586,243.72888888888946,200.0,200.0,201.0,244.0088888888895,200.0,319.76222222222117,279.54666666666543,300.0,251.0,250.0,250.0,218.7266666666668,206.29111111111084,251.0,250.0,350.0,300.0,300.0,300.0,300.0,300.0,379.0444444444402,301.0,300.0,256.2711111111091,400.0,350.0,380.1222222222206,393.7288888888876,394.8955555555521,351.0,393.6988888888876,305.16444444444335,395.0199999999966,379.5466666666651,450.0,400.0,430.1222222222206,369.8777777777765,320.37999999999647,400.0,400.0,400.0,443.7188888888876,320.37999999999647,500.0,488.7555555555535,488.17999999999796,419.8777777777765,450.0,493.7388888888876,418.7266666666653,450.0,420.45333333333207,368.6533333333297,500.0,29.604444444444454,470.45333333333207,470.45333333333207,501.0,500.0,500.0,500.0,50.0,37999.0
451.0,57.196601899721514,67.07396741937788,246.27071653104494,331.99196517727904,300.0,373.79111111110984,474.207562421623,401.0,492.59476545077837,475.50222222222123,150.0,178.97111111111104,250.0,207.2174195789516,251.0,327.35999999999905,276.17744455522046,401.0,492.94445844875565,100.0,57.14491489212811,173.2155555555555,251.0,201.0,177.2612701137632,395.1445762016239,351.0,318.8013700267872,492.8080278888344,123.51570638006991,28.84611025135088,194.89188777980675,151.0,288.55315566931256,292.8733118656984,301.0,275.2680209503863,401.0,401.0,100.0,145.37111111111136,151.0,200.0,272.0644444444436,257.5981898600986,394.02143193327294,304.9164053775817,442.41145156766515,405.06028461358994,501.0,57.18855225377172,222.40519255944898,151.0,300.0,251.0,301.0,325.36666666666537,401.0,492.79439581214626,50.0,146.44355612554182,107.35892384294513,111.58837330364909,154.39484074726894,301.0,350.0,437.9317294385686,442.4928090814906,451.0,425.6986552910396,57.33326530553093,61.90793066714815,76.78362162957771,242.67535691039933,177.26661622605903,301.0,268.5653863936236,401.0,376.9886195707391,94.88764552468513,150.0,106.82116024550456,200.0,219.8777777777779,176.2221462548589,47.44666666666681,351.0,473.2155555555543,50.0,50.0,57.14921560473717,101.0,101.0,127.11888293603735,300.0,226.42253397237494,481.87662244816863,333.67056139240077,492.5720385962086,80.12222222222226,101.0,518.6688888888892,519.8200000000003,519.2444444444448,100.0,100.0,80.12222222222226,51.0,50.0,61.82000000000015,100.0,160.22666666666706,100.0,131.2733333333332,100.0,145.25555555555582,143.69888888888943,56.28111111111117,101.0,223.50777777777782,150.0,151.0,150.0,150.0,150.0,179.5466666666666,150.0,69.80444444444478,150.0,231.27333333333326,201.0,143.34444444444446,272.9022222222214,243.71888888888947,200.0,200.0,201.0,243.9988888888895,200.0,320.3377777777767,280.12222222222096,300.0,251.0,250.0,250.0,218.15111111111125,206.30111111111083,251.0,250.0,350.0,300.0,300.0,300.0,300.0,300.0,379.61999999999574,301.0,300.0,256.2811111111091,400.0,350.0,380.69777777777614,393.7188888888876,394.8855555555521,351.0,393.6888888888876,305.17444444444334,394.9799999999966,380.1222222222206,450.0,400.0,430.69777777777614,369.3022222222209,319.8044444444409,400.0,400.0,400.0,443.7088888888876,319.8044444444409,500.0,488.7555555555535,488.17999999999796,419.3022222222209,450.0,493.7288888888876,418.15111111110974,450.0,419.8777777777765,368.07777777777414,500.0,30.18000000000001,469.8777777777765,469.8777777777765,501.0,500.0,500.0,500.0,50.0,38199.0
451.0,57.20660189972151,67.07396741937788,246.23071653104495,332.56752073283457,300.0,374.36666666666537,474.7831179771785,401.0,492.5847654507784,474.92666666666565,150.0,179.5466666666666,250.0,207.22741957895158,251.0,326.78444444444347,275.6018889996649,401.0,492.93445844875566,100.0,57.154914892128104,173.79111111111106,251.0,201.0,176.68571455820765,395.1045762016239,351.0,318.2258144712316,492.7980278888344,124.09126193562547,28.270554695795322,194.88188777980676,151.0,288.55315566931256,292.8633118656984,301.0,274.6924653948307,401.0,401.0,100.0,145.33111111111137,151.0,200.0,272.63999999999913,257.6081898600986,394.01143193327295,304.95640537758175,442.40145156766516,405.07028461358993,501.0,57.198552253771716,222.98074811500453,151.0,300.0,251.0,301.0,325.9422222222209,401.0,492.7843958121463,50.0,146.40355612554183,107.36892384294514,111.58837330364909,154.43484074726894,301.0,350.0,437.9317294385686,442.4828090814906,451.0,425.123099735484,57.34326530553093,61.90793066714815,76.20806607402216,242.66535691039934,176.69106067050348,301.0,267.98983083806803,401.0,376.4130640151835,94.87764552468512,150.0,106.83116024550456,200.0,219.30222222222235,175.64659069930335,48.02222222222237,351.0,473.79111111110984,50.0,50.0,57.15921560473717,101.0,101.0,126.5433273804818,300.0,225.84697841681938,482.45217800372416,333.0950058368452,492.5620385962086,80.69777777777782,101.0,518.0933333333337,519.2444444444448,518.6688888888892,100.0,100.0,80.69777777777782,51.0,50.0,61.82000000000015,100.0,160.8022222222226,100.0,131.84888888888875,100.0,145.21555555555582,143.68888888888944,56.29111111111117,101.0,224.08333333333337,150.0,151.0,150.0,150.0,150.0,180.12222222222215,150.0,69.22888888888923,150.0,231.8488888888888,201.0,142.7688888888889,273.4777777777769,243.70888888888948,200.0,200.0,201.0,243.9888888888895,200.0,320.9133333333322,280.6977777777765,300.0,251.0,250.0,250.0,217.5755555555557,206.31111111111082,251.0,250.0,350.0,300.0,300.0,300.0,300.0,300.0,380.19555555555127,301.0,300.0,256.2911111111091,400.0,350.0,381.27333333333166,393.7088888888876,394.8755555555521,351.0,393.6788888888876,305.18444444444333,394.9399999999966,380.69777777777614,450.0,400.0,431.27333333333166,368.7266666666653,319.2288888888853,400.0,400.0,400.0,443.6988888888876,319.2288888888853,500.0,488.7555555555535,488.17999999999796,418.7266666666653,450.0,493.7188888888876,417.57555555555416,450.0,419.3022222222209,367.50222222221856,500.0,30.755555555555567,469.3022222222209,469.3022222222209,501.0,500.0,500.0,500.0,50.0,38399.0
451.0,57.21660189972151,67.07396741937788,246.19071653104496,333.1430762883901,300.0,374.9422222222209,475.35867353273403,401.0,492.5747654507784,474.3511111111101,150.0,180.12222222222215,250.0,207.23741957895157,251.0,326.2088888888879,275.0263334441093,401.0,492.9244584487557,100.0,57.1649148921281,174.36666666666662,251.0,201.0,176.1101590026521,395.0645762016239,351.0,317.65025891567603,492.7880278888344,124.66681749118102,27.694999140239766,194.87188777980677,151.0,288.55315566931256,292.8533118656984,301.0,274.11690983927514,401.0,401.0,100.0,145.29111111111138,151.0,200.0,273.21555555555466,257.6181898600986,394.00143193327295,304.99640537758177,442.3914515676652,405.0802846135899,501.0,57.208552253771714,223.55630367056008,151.0,300.0,251.0,301.0,326.5177777777764,401.0,492.7743958121463,50.0,146.36355612554183,107.37892384294514,111.58837330364909,154.47484074726893,301.0,350.0,437.9317294385686,442.4728090814906,451.0,424.5475441799284,57.353265305530925,61.90793066714815,75.6325105184666,242.65535691039935,176.11550511494792,301.0,267.41427528251245,401.0,375.83750845962794,94.86764552468512,150.0,106.84116024550457,200.0,218.7266666666668,175.0710351437478,48.59777777777793,351.0,474.36666666666537,50.0,50.0,57.16921560473717,101.0,101.0,125.96777182492625,300.0,225.27142286126383,483.0277335592797,332.5194502812896,492.5520385962086,81.27333333333337,101.0,517.5177777777782,518.6688888888892,518.0933333333337,100.0,100.0,81.27333333333337,51.0,50.0,61.82000000000015,100.0,161.37777777777816,100.0,132.4244444444443,100.0,145.17555555555583,143.67888888888945,56.30111111111117,101.0,224.65888888888892,150.0,151.0,150.0,150.0,150.0,180.6977777777777,150.0,68.65333333333368,150.0,232.42444444444436,201.0,142.19333333333336,274.05333333333243,243.69888888888948,200.0,200.0,201.0,243.97888888888951,200.0,321.48888888888774,281.273333333332,300.0,251.0,250.0,250.0,217.00000000000014,206.3211111111108,251.0,250.0,350.0,300.0,300.0,300.0,300.0,300.0,380.7711111111068,301.0,300.0,256.3011111111091,400.0,350.0,381.8488888888872,393.6988888888876,394.86555555555213,351.0,393.66888888888764,305.1944444444433,394.9299999999966,381.27333333333166,450.0,400.0,431.8488888888872,368.15111111110974,318.6533333333297,400.0,400.0,400.0,443.6888888888876,318.6533333333297,500.0,488.7555555555535,488.17999999999796,418.15111111110974,450.0,493.7088888888876,416.9999999999986,450.0,418.7266666666653,366.926666666663,500.0,31.331111111111124,468.7266666666653,468.7266666666653,501.0,500.0,500.0,500.0,50.0,38599.0
451.0,57.22660189972151,67.07396741937788,246.15071653104496,333.7186318439456,300.0,375.5177777777764,475.93422908828956,401.0,492.5647654507784,473.7755555555545,150.0,180.6977777777777,250.0,207.24741957895156,251.0,325.6333333333323,274.4507778885537,401.0,492.9144584487557,100.0,57.1749148921281,174.94222222222217,251.0,201.0,175.53460344709654,395.02457620162386,351.0,317.07470336012045,492.7780278888344,125.24237304673657,27.11944358468421,194.86188777980678,151.0,288.55315566931256,292.8433118656984,301.0,273.54135428371956,401.0,401.0,100.0,145.25111111111138,151.0,200.0,273.7911111111102,257.6281898600986,393.99143193327296,305.0364053775818,442.3814515676652,405.0902846135899,501.0,57.21855225377171,224.13185922611564,151.0,300.0,251.0,301.0,327.09333333333194,401.0,492.7643958121463,50.0,146.32355612554184,107.38892384294515,111.58837330364909,154.51484074726892,301.0,350.0,437.9317294385686,442.4628090814906,451.0,423.97198862437284,57.36326530553092,61.90793066714815,75.05695496291105,242.64535691039936,175.53994955939237,301.0,266.83871972695687,401.0,375.26195290407236,94.85764552468511,150.0,106.85116024550457,200.0,218.15111111111125,174.49547958819224,49.17333333333349,351.0,474.9422222222209,50.0,50.0,57.179215604737166,101.0,101.0,125.39221626937069,300.0,224.69586730570828,483.6032891148352,331.943894725734,492.5420385962086,81.84888888888892,101.0,516.9422222222227,518.0933333333337,517.5177777777782,100.0,100.0,81.84888888888892,51.0,50.0,61.82000000000015,100.0,161.95333333333372,100.0,132.99999999999986,100.0,145.13555555555584,143.66888888888946,56.31111111111117,101.0,225.23444444444448,150.0,151.0,150.0,150.0,150.0,181.27333333333326,150.0,68.07777777777812,150.0,232.99999999999991,201.0,141.6177777777778,274.62888888888796,243.6888888888895,200.0,200.0,201.0,243.96888888888952,200.0,322.06444444444327,281.84888888888753,300.0,251.0,250.0,250.0,216.4244444444446,206.3311111111108,251.0,250.0,350.0,300.0,300.0,300.0,300.0,300.0,381.3466666666623,301.0,300.0,256.3111111111091,400.0,350.0,382.4244444444427,393.6888888888876,394.85555555555214,351.0,393.65888888888765,305.2044444444433,394.9199999999966,381.8488888888872,450.0,400.0,432.4244444444427,367.57555555555416,318.07777777777414,400.0,400.0,400.0,443.6788888888876,318.07777777777414,500.0,488.7555555555535,488.17999999999796,417.57555555555416,450.0,493.6988888888876,416.424444444443,450.0,418.15111111110974,366.3511111111074,500.0,31.90666666666668,468.15111111110974,468.15111111110974,501.0,500.0,500.0,500.0,50.0,38799.0
451.0,57.23660189972151,67.07396741937788,246.11071653104497,334.29418739950114,300.0,376.09333333333194,476.5097846438451,401.0,492.5547654507784,473.1999999999989,150.0,181.27333333333326,250.0,207.25741957895156,251.0,325.0577777777767,273.87522233299813,401.0,492.9044584487557,100.0,57.1849148921281,175.51777777777772,251.0,201.0,174.959047891541,394.98457620162384,351.0,316.49914780456487,492.7680278888344,125.81792860229213,26.543888029128652,194.8518877798068,151.0,288.55315566931256,292.8333118656984,301.0,272.965798728164,401.0,401.0,100.0,145.2111111111114,151.0,200.0,274.3666666666657,257.6381898600986,393.981431933273,305.0764053775818,442.3714515676652,405.1002846135899,501.0,57.22855225377171,224.7074147816712,151.0,300.0,251.0,301.0,327.66888888888747,401.0,492.7543958121463,50.0,146.28355612554185,107.39892384294515,111.58837330364909,154.5548407472689,301.0,350.0,437.9317294385686,442.4528090814906,451.0,423.39643306881726,57.37326530553092,61.90793066714815,74.4813994073555,242.63535691039937,174.96439400383682,301.0,266.2631641714013,401.0,374.6863973485168,94.8476455246851,150.0,106.86116024550458,200.0,217.5755555555557,173.9199240326367,49.74888888888905,351.0,475.5177777777764,50.0,50.0,57.189215604737164,101.0,101.0,124.81666071381514,300.0,224.12031175015272,484.17884467039073,331.36833917017844,492.5320385962086,82.42444444444448,101.0,516.3666666666671,517.5177777777782,516.9422222222227,100.0,100.0,82.42444444444448,51.0,50.0,61.82000000000015,100.0,162.52888888888927,100.0,133.5755555555554,100.0,145.09555555555585,143.65888888888946,56.321111111111165,101.0,225.81000000000003,150.0,151.0,150.0,150.0,150.0,181.8488888888888,150.0,67.50222222222257,150.0,233.57555555555547,201.0,141.04222222222225,275.2044444444435,243.6788888888895,200.0,200.0,201.0,243.95888888888953,200.0,322.6399999999988,282.42444444444305,300.0,251.0,250.0,250.0,215.84888888888904,206.3411111111108,251.0,250.0,350.0,300.0,300.0,300.0,300.0,300.0,381.92222222221784,301.0,300.0,256.3211111111091,400.0,350.0,382.99999999999824,393.6788888888876,394.84555555555215,351.0,393.64888888888765,305.2144444444433,394.9099999999966,382.4244444444427,450.0,400.0,432.99999999999824,366.9999999999986,317.50222222221856,400.0,400.0,400.0,443.66888888888764,317.50222222221856,500.0,488.7555555555535,488.17999999999796,416.9999999999986,450.0,493.6888888888876,415.8488888888874,450.0,417.57555555555416,365.7755555555518,500.0,32.48222222222224,467.57555555555416,467.57555555555416,501.0,500.0,500.0,500.0,50.0,38999.0
451.0,57.246601899721504,67.07396741937788,246.07071653104498,334.86974295505667,300.0,376.66888888888747,477.0853401994006,401.0,492.5447654507784,472.6244444444433,150.0,181.8488888888888,250.0,207.26741957895155,251.0,324.48222222222114,273.29966677744255,401.0,492.8944584487557,100.0,57.1949148921281,176.09333333333328,251.0,201.0,174.38349233598544,394.9445762016238,351.0,315.9235922490093,492.7580278888344,126.39348415784768,25.968332473573096,194.8418877798068,151.0,288.55315566931256,292.82331186569843,301.0,272.3902431726084,401.0,401.0,100.0,145.1711111111114,151.0,200.0,274.94222222222123,257.64818986009857,393.971431933273,305.0864053775818,442.3614515676652,405.1102846135899,501.0,57.23855225377171,225.28297033722674,151.0,300.0,251.0,301.0,328.244444444443,401.0,492.7443958121463,50.0,146.24355612554186,107.40892384294516,111.58837330364909,154.5948407472689,301.0,350.0,437.9317294385686,442.4428090814906,451.0,422.8208775132617,57.38326530553092,61.90793066714815,73.90584385179994,242.62535691039938,174.38883844828126,301.0,265.6876086158457,401.0,374.1108417929612,94.8376455246851,150.0,106.87116024550458,200.0,217.00000000000014,173.34436847708113,50.32444444444461,351.0,476.09333333333194,50.0,50.0,57.19921560473716,101.0,101.0,124.24110515825959,300.0,223.54475619459717,484.75440022594626,330.79278361462286,492.52203859620863,83.00000000000003,101.0,515.7911111111116,516.9422222222227,516.3666666666671,100.0,100.0,83.00000000000003,51.0,50.0,61.82000000000015,100.0,163.10444444444482,100.0,134.15111111111096,100.0,145.05555555555586,143.64888888888947,56.33111111111116,101.0,226.38555555555558,150.0,151.0,150.0,150.0,150.0,182.42444444444436,150.0,66.92666666666702,150.0,234.15111111111102,201.0,140.4666666666667,275.779999999999,243.6688888888895,200.0,200.0,201.0,243.94888888888954,200.0,323.2155555555543,282.9999999999986,300.0,251.0,250.0,250.0,215.27333333333348,206.35111111111078,251.0,250.0,350.0,300.0,300.0,300.0,300.0,300.0,382.49777777777336,301.0,300.0,256.33111111110907,400.0,350.0,383.57555555555376,393.66888888888764,394.83555555555216,351.0,393.63888888888766,305.2244444444433,394.8999999999966,382.99999999999824,450.0,400.0,433.57555555555376,366.424444444443,316.926666666663,400.0,400.0,400.0,443.65888888888765,316.926666666663,500.0,488.7555555555535,488.17999999999796,416.424444444443,450.0,493.6788888888876,415.27333333333183,450.0,416.9999999999986,365.19999999999624,500.0,33.0577777777778,466.9999999999986,466.9999999999986,501.0,500.0,500.0,500.0,50.0,39199.0
451.0,57.2566018997215,67.07396741937788,246.030716531045,335.4452985106122,300.0,377.244444444443,477.66089575495613,401.0,492.5347654507784,472.04888888888775,150.0,182.42444444444436,250.0,207.27741957895154,251.0,323.90666666666556,272.724111221887,401.0,492.8844584487557,100.0,57.204914892128095,176.66888888888883,251.0,201.0,173.80793678042988,394.9345762016238,351.0,315.3480366934537,492.74802788883443,126.96903971340323,25.39277691801754,194.8318877798068,151.0,288.55315566931256,292.81331186569844,301.0,271.8146876170528,401.0,401.0,100.0,145.1311111111114,151.0,200.0,275.51777777777676,257.65818986009856,393.961431933273,305.0964053775818,442.3514515676652,405.1202846135899,501.0,57.248552253771706,225.8585258927823,151.0,300.0,251.0,301.0,328.8199999999985,401.0,492.7343958121463,50.0,146.20355612554187,107.41892384294516,111.58837330364909,154.6348407472689,301.0,350.0,437.9317294385686,442.43280908149063,451.0,422.2453219577061,57.39326530553092,61.90793066714815,73.33028829624439,242.61535691039938,173.8132828927257,301.0,265.1120530602901,401.0,373.5352862374056,94.8276455246851,150.0,106.88116024550459,200.0,216.4244444444446,172.76881292152558,50.90000000000017,351.0,476.66888888888747,50.0,50.0,57.20921560473716,101.0,101.0,123.66554960270403,300.0,222.96920063904162,485.3299557815018,330.2172280590673,492.51203859620864,83.57555555555558,101.0,515.2155555555561,516.3666666666671,515.7911111111116,100.0,100.0,83.57555555555558,51.0,50.0,61.82000000000015,100.0,163.68000000000038,100.0,134.72666666666652,100.0,145.01555555555586,143.63888888888948,56.34111111111116,101.0,226.96111111111114,150.0,151.0,150.0,150.0,150.0,182.99999999999991,150.0,66.35111111111146,150.0,234.72666666666657,201.0,139.89111111111114,276.35555555555453,243.65888888888952,200.0,200.0,201.0,243.93888888888955,200.0,323.79111111110984,283.5755555555541,300.0,251.0,250.0,250.0,214.69777777777793,206.36111111111077,251.0,250.0,350.0,300.0,300.0,300.0,300.0,300.0,383.0733333333289,301.0,300.0,256.34111111110906,400.0,350.0,384.1511111111093,393.65888888888765,394.82555555555217,351.0,393.6288888888877,305.2344444444433,394.88999999999663,383.57555555555376,450.0,400.0,434.1511111111093,365.8488888888874,316.3511111111074,400.0,400.0,400.0,443.64888888888765,316.3511111111074,500.0,488.7555555555535,488.17999999999796,415.8488888888874,450.0,493.66888888888764,414.69777777777625,450.0,416.424444444443,364.62444444444066,500.0,33.63333333333336,466.424444444443,466.424444444443,501.0,500.0,500.0,500.0,50.0,39399.0
451.0,57.2666018997215,67.07396741937788,245.990716531045,336.0208540661677,300.0,377.8199999999985,478.23645131051165,401.0,492.52476545077843,471.47333333333216,150.0,182.99999999999991,250.0,207.28741957895153,251.0,323.33111111111,272.1485556663314,401.0,492.8744584487557,100.0,57.21491489212809,177.24444444444438,251.0,201.0,173.23238122487433,394.92457620162384,351.0,314.7724811378981,492.73802788883444,127.54459526895879,525.0,194.82188777980681,151.0,288.55315566931256,292.80331186569845,301.0,271.23913206149723,401.0,401.0,100.0,145.09111111111142,151.0,200.0,276.0933333333323,257.66818986009855,393.951431933273,305.1064053775818,442.3414515676652,405.1302846135899,501.0,57.258552253771704,226.43408144833785,151.0,300.0,251.0,301.0,329.39555555555404,401.0,492.7243958121463,50.0,146.16355612554187,107.42892384294517,111.58837330364909,154.6748407472689,301.0,350.0,437.9317294385686,442.42280908149064,451.0,421.6697664021505,57.403265305530915,61.90793066714815,72.75473274068884,242.6053569103994,173.23772733717016,301.0,264.53649750473454,401.0,372.95973068185003,94.81764552468509,150.0,106.8911602455046,200.0,215.84888888888904,172.19325736597003,51.47555555555573,351.0,477.244444444443,50.0,50.0,57.21921560473716,101.0,101.0,123.08999404714848,300.0,222.39364508348606,485.9055113370573,329.6416725035117,492.50203859620865,84.15111111111113,101.0,514.6400000000006,515.7911111111116,515.2155555555561,100.0,100.0,84.15111111111113,51.0,50.0,61.82000000000015,100.0,164.25555555555593,100.0,135.30222222222207,100.0,144.97555555555587,143.6288888888895,56.35111111111116,101.0,227.5366666666667,150.0,151.0,150.0,150.0,150.0,183.57555555555547,150.0,65.77555555555591,150.0,235.30222222222213,201.0,139.3155555555556,276.93111111111006,243.64888888888953,200.0,200.0,201.0,243.92888888888956,200.0,324.36666666666537,284.1511111111096,300.0,251.0,250.0,250.0,214.12222222222238,206.37111111111076,251.0,250.0,350.0,300.0,300.0,300.0,300.0,300.0,383.6488888888844,301.0,300.0,256.35111111110905,400.0,350.0,384.7266666666648,393.64888888888765,394.8155555555522,351.0,393.6188888888877,305.2444444444433,394.87999999999664,384.1511111111093,450.0,400.0,434.7266666666648,365.27333333333183,315.7755555555518,400.0,400.0,400.0,443.63888888888766,315.7755555555518,500.0,488.7555555555535,488.17999999999796,415.27333333333183,450.0,493.65888888888765,414.12222222222067,450.0,415.8488888888874,364.0488888888851,500.0,34.20888888888892,465.8488888888874,465.8488888888874,501.0,500.0,500.0,500.0,50.0,39599.0
451.0,57.2766018997215,67.07396741937788,245.950716531045,336.59640962172324,300.0,378.39555555555404,478.8120068660672,401.0,492.51476545077844,470.8977777777766,150.0,183.57555555555547,250.0,207.29741957895152,251.0,322.7555555555544,271.5730001107758,401.0,492.8644584487557,100.0,57.22491489212809,177.81999999999994,251.0,201.0,172.65682566931878,394.91457620162385,351.0,314.19692558234254,492.72802788883445,128.12015082451435,524.4244444444445,194.81188777980682,151.0,288.55315566931256,292.79331186569846,301.0,270.66357650594165,401.0,401.0,100.0,145.05111111111142,151.0,200.0,276.6688888888878,257.67818986009854,393.941431933273,305.11640537758177,442.3314515676652,405.14028461358987,501.0,57.2685522537717,227.0096370038934,151.0,300.0,251.0,301.0,329.97111111110956,401.0,492.71439581214634,50.0,146.12355612554188,107.43892384294517,111.58837330364909,154.71484074726888,301.0,350.0,437.9317294385686,442.41280908149065,451.0,421.09421084659493,57.41326530553091,61.90793066714815,72.17917718513328,242.5953569103994,172.6621717816146,301.0,263.96094194917896,401.0,372.38417512629445,94.80764552468509,150.0,106.9011602455046,200.0,215.27333333333348,171.61770181041447,52.05111111111129,351.0,477.8199999999985,50.0,50.0,57.229215604737156,101.0,101.0,122.51443849159293,300.0,221.8180895279305,486.48106689261283,329.0661169479561,492.49203859620866,84.72666666666669,101.0,514.064444444445,515.2155555555561,514.6400000000006,100.0,100.0,84.72666666666669,51.0,50.0,61.82000000000015,100.0,164.83111111111148,100.0,135.87777777777762,100.0,144.93555555555588,143.6188888888895,56.36111111111116,101.0,228.11222222222224,150.0,151.0,150.0,150.0,150.0,184.15111111111102,150.0,65.20000000000036,150.0,235.87777777777768,201.0,138.74000000000004,277.5066666666656,243.63888888888954,200.0,200.0,201.0,243.91888888888957,200.0,324.9422222222209,284.72666666666515,300.0,251.0,250.0,250.0,213.54666666666682,206.38111111111076,251.0,250.0,350.0,300.0,300.0,300.0,300.0,300.0,384.22444444443994,301.0,300.0,256.36111111110904,400.0,350.0,385.30222222222034,393.63888888888766,394.8055555555522,351.0,393.6088888888877,305.25444444444327,394.86999999999665,384.7266666666648,450.0,400.0,435.30222222222034,364.69777777777625,315.19999999999624,400.0,400.0,400.0,443.6288888888877,315.19999999999624,500.0,488.7555555555535,488.17999999999796,414.69777777777625,450.0,493.64888888888765,413.5466666666651,450.0,415.27333333333183,363.4733333333295,500.0,34.78444444444448,465.27333333333183,465.27333333333183,501.0,500.0,500.0,500.0,50.0,39799.0
451.0,57.2866018997215,67.07396741937788,245.910716531045,337.17196517727876,300.0,378.97111111110956,479.3875624216227,401.0,492.50476545077845,470.322222222221,150.0,184.15111111111102,250.0,207.3074195789515,251.0,322.1799999999988,270.9974445552202,401.0,492.85445844875574,100.0,57.23491489212809,178.3955555555555,251.0,201.0,172.08127011376322,394.90457620162385,351.0,313.62137002678696,492.71802788883446,128.6957063800699,523.848888888889,194.80188777980683,151.0,288.55315566931256,292.78331186569847,301.0,270.08802095038607,401.0,401.0,100.0,145.01111111111143,151.0,200.0,277.24444444444333,257.68818986009853,393.931431933273,305.12640537758176,442.32145156766524,405.15028461358986,501.0,57.2785522537717,227.58519255944896,151.0,300.0,251.0,301.0,330.5466666666651,401.0,492.70439581214634,50.0,146.0835561255419,107.44892384294518,111.58837330364909,154.75484074726887,301.0,350.0,437.9317294385686,442.40280908149066,451.0,420.51865529103935,57.42326530553091,61.90793066714815,71.60362162957773,242.5853569103994,172.08661622605905,301.0,263.3853863936234,401.0,371.80861957073887,94.79764552468508,150.0,106.9111602455046,200.0,214.69777777777793,171.04214625485892,52.62666666666685,351.0,478.39555555555404,50.0,50.0,57.239215604737154,101.0,101.0,121.93888293603737,300.0,221.24253397237496,487.05662244816835,328.49056139240054,492.48203859620867,85.30222222222224,101.0,513.4888888888895,514.6400000000006,514.064444444445,100.0,100.0,85.30222222222224,51.0,50.0,61.82000000000015,100.0,165.40666666666704,100.0,136.45333333333318,100.0,144.9255555555559,143.6088888888895,56.371111111111155,101.0,228.6877777777778,150.0,151.0,150.0,150.0,150.0,184.72666666666657,150.0,64.6244444444448,150.0,236.45333333333323,201.0,138.16444444444448,278.0822222222211,243.62888888888955,200.0,200.0,201.0,243.90888888888958,200.0,325.5177777777764,285.3022222222207,300.0,251.0,250.0,250.0,212.97111111111127,206.39111111111075,251.0,250.0,350.0,300.0,300.0,300.0,300.0,300.0,384.79999999999546,301.0,300.0,256.37111111110903,400.0,350.0,385.87777777777586,393.6288888888877,394.7955555555522,351.0,393.5988888888877,305.26444444444326,394.85999999999666,385.30222222222034,450.0,400.0,435.87777777777586,364.12222222222067,314.62444444444066,400.0,400.0,400.0,443.6188888888877,314.62444444444066,500.0,488.7555555555535,488.17999999999796,414.12222222222067,450.0,493.63888888888766,412.9711111111095,450.0,414.69777777777625,362.8977777777739,500.0,35.36000000000004,464.69777777777625,464.69777777777625,501.0,500.0,500.0,500.0,50.0,39999.0
